10
0.000698572
619
1903.49 0.643607
2354.23 6.0829
6615.44 14.5536
6190.17 18.4068
9066.3 25.8323
5021.85 25.9884
3517.79 28.1824
2700.42 32.1445
532.869 49.808
74.572 50.84
5426.07 53.2699
1470.72 57.2488
4569.07 70.7024
3025.21 112.155
7323.14 129.634
4232.32 155.103
878.146 157.552
10619.4 160.318
8496.23 167.49
5868.31 180.102
9878.68 208.351
8043.8 224.887
10259 226.325
1182.81 233.966
6898.38 246.297
3799.74 247.057
7712.66 247.925
9281.95 267.235
6256.65 319.222
4832.63 341.613
9581.32 356.147
1983.25 358.504
5396.61 390.83
1557.16 400.245
8924.27 401.21
302.857 402.32
708.084 420.866
3505.75 433.809
4268.08 471.417
7.49313 495.097
8444.53 496.378
2773.99 503.495
6642.39 511.255
2335.53 517.73
5772.12 539.821
7285.86 548.335
7608.07 585.542
3136.62 588.891
1259.75 596.959
9938.99 611.061
10608.9 615.049
1854.61 643.44
6966.17 660.706
5095.4 707.454
8208.48 708.184
3897.78 712.93
6216.56 752.704
7882.13 764.791
667.938 779.574
8936.06 809.803
2556.52 820.226
9393.26 820.851
3466.35 826.334
77.6162 830.911
10238.2 838.648
1017.82 858.779
4515.53 863.289
7385.14 911.089
5508.88 918.337
4883.75 945.077
1969.19 969.653
1652.66 996.825
7000.27 1002.05
8377.06 1029.01
9644.03 1035.21
5886.48 1074.77
8766.52 1079.45
2860.99 1098.2
266.073 1108.76
1200.55 1128.5
6677.96 1133.42
9126.01 1137.3
9993.6 1139.4
2470.52 1163.97
3257.06 1174.14
4221.9 1185.82
10692.5 1186.92
4555.78 1198.5
3856.65 1199.62
10356.6 1228.18
7912.27 1231.68
6228.61 1239.14
5405.1 1253.55
778.849 1266.41
7466.18 1285.97
7123.97 1305.17
2068.72 1316.53
8495.28 1352.45
4905.85 1399.36
3004.07 1423.52
1114.7 1437.13
6756.26 1446.49
8171.93 1450.3
8851.18 1458.28
9261.57 1459.88
9615.66 1460.41
207.191 1481.73
3497.95 1499.53
2504.16 1512.39
1663.73 1531.54
4042.91 1558.36
6143.97 1570.43
641.808 1570.55
5597.93 1582.51
10315.1 1590.39
4650.72 1590.98
7650.66 1596.22
10687.9 1651.28
5261.61 1658.75
1990.2 1689.02
10015.5 1715.21
8517.58 1739.81
7366.52 1744.84
6436.51 1752.3
4964.27 1755.46
4295.33 1761.59
2755.75 1761.86
1263.36 1767.6
6997.39 1792.66
8208.3 1821.64
178.477 1843.35
9132.7 1844.97
3423.73 1863.36
3987.39 1863.64
3061.83 1882.26
7872.85 1890.87
5928.01 1897.25
10392.4 1911.61
821.903 1915.28
2363.1 1938.91
8823.75 1947.51
5453.57 1972.17
7575.7 1984.97
1528.89 2011.42
9762.6 2016.75
3697.25 2023.37
10691.9 2033.49
1876.25 2043.52
10104.3 2054.76
6803.09 2080.31
5736.19 2146.96
5152.02 2156.92
4469.44 2165.53
7967.58 2188.15
1267.18 2210.42
4832.45 2234.79
868.957 2235.59
9536.45 2235.77
7334.87 2265.02
522.524 2283.89
8974.18 2290.74
59.5566 2302.47
6180.87 2336.64
8400.77 2340.52
10602.9 2375.46
6647.21 2383.49
5389.04 2403.02
4223.03 2417.44
6953.87 2432.54
10263.9 2480.58
4549.01 2504.67
7528.59 2522.06
9725.17 2525.13
5857.06 2569.57
9238.59 2599.95
994.661 2607.74
8118.81 2616.96
218.904 2631.27
5069.43 2692.34
7784.36 2696.86
4052.25 2705.12
5448.86 2712.21
10468.5 2763.85
8831.19 2766.48
6384.27 2778.28
647.945 2794.1
4420.34 2816.22
4752.32 2826.72
1329.65 2849.25
7424.06 2856.31
9783.86 2903.03
6850.4 2905.17
10193 2906.34
5828.83 2917.72
10758.3 2943.59
8284.67 2961.97
5251.02 2976.57
227.971 3011.07
1046.03 3028
7132.47 3032.14
7898.25 3036.7
6201.41 3101.92
1932.22 3111.71
10474 3114.64
2940.74 3133.56
3626.23 3141.32
2338.52 3144
514.291 3154.96
9601.26 3171.9
9988.57 3181.14
1408.3 3186.06
6704.75 3186.34
9230.02 3190.15
8679.27 3191.15
5043.45 3208.53
4405.22 3218.25
3993.52 3221.24
891.514 3294.69
2657.53 3297.21
8321.42 3362.86
5608.56 3408.96
5939.65 3414.39
6305.93 3441.16
1900.58 3441.41
3537.97 3458.16
632.263 3473.79
4886.93 3474.22
5299.47 3490.71
217.89 3490.82
6675.22 3494.73
3205.39 3521.04
1433.51 3529.71
10701.5 3541.99
4199.55 3544.22
8926.38 3546.3
9422.27 3550.19
9739.84 3550.47
8602.33 3576.18
4577.4 3590.52
10212.4 3610.63
2479.65 3658.53
6069.96 3717.18
2818.57 3743.78
1832.08 3773.35
3704.36 3784.04
5270.91 3803.07
5695.01 3807.69
10509 3811.18
942.016 3814.9
4041.93 3848
2209.05 3853.13
1429.51 3854.55
9235.55 3858.39
8186.23 3861.68
499.877 3862.49
6483.95 3885.7
9797.74 3885.91
8605.63 3888.58
8923.06 3922.97
3134.54 3958.87
10765.8 3994.39
5948.83 4004.6
4327.77 4018.85
4766.75 4022.96
9519.06 4032.48
5479.5 4035.86
176.285 4045.93
1857.73 4087.19
2439.55 4094.51
2822.72 4125.16
3709.5 4136.96
10184 4153.58
3369.4 4170.18
6229.98 4180.63
8406.64 4214.3
784.452 4256.94
5009.86 4258.87
7641.26 4264.98
8073.69 4272.84
5688 4288.03
9232.2 4299.25
1310.15 4300.05
7051.54 4301.64
4643.73 4312.32
333.963 4357.2
10704.3 4380.89
1665.91 4420.14
2172.35 4439.65
2861.27 4442.68
3735.43 4446.54
9859.58 4447.55
8830.77 4448.8
5958.86 4464.04
5387.9 4473.19
9486.85 4474.18
3225.98 4533.66
6604.37 4545.07
1020.5 4546.94
4141.64 4546.96
679.061 4552.43
6288.7 4563.55
7279.07 4578.23
10379 4580.01
6917.32 4589.59
2566 4593.06
8247.19 4597.94
4921.51 4607.62
7814.04 4622.61
4581.74 4633.35
1590.75 4728.53
5213.04 4738.25
94.1052 4749.42
2006.4 4765.02
5648.3 4788.98
5993.35 4800.73
10707.6 4812.4
8889.96 4813.66
8475.51 4832.3
482.112 4835.42
3741.14 4845.45
3121.03 4852.54
10346.3 4889.7
9270.31 4890.57
6830.64 4895.29
4390.73 4902.61
4822.26 4904.61
9896.12 4907.33
994.994 4928.32
6456.14 4967.81
2773.39 4967.93
7736.1 4992.77
2243.11 5006.22
4043 5036.42
1706.6 5038.18
3420.65 5057.87
7342.36 5060.41
5265.72 5093
8657.65 5109.04
158.385 5112.65
767.208 5154.29
8107.05 5195.76
5570.81 5206.12
463.093 5209.39
6238.94 5214.43
10291.2 5218.04
6692.68 5240.49
9896.49 5257.83
1459.06 5267.28
9370.63 5282.33
2492.61 5284.27
2055.97 5291.14
10630.9 5293.04
3031.88 5293.22
4779.33 5295.48
5867.65 5295.82
4291.36 5333.68
8429.23 5363.07
1756.29 5383.86
1007.7 5398.59
7580.01 5400.31
3566.31 5407.4
8848.34 5414.9
121.058 5446.68
7120.61 5457.98
5133.27 5468.23
6135.08 5509.84
9840.07 5571.25
2347.79 5572.25
2741.78 5573.95
5488.81 5580.94
8205.68 5590.47
6701.26 5595.21
9412.07 5607.59
1504.45 5624.85
8604.41 5632.4
4787.53 5638.51
3786.18 5642.87
629.432 5689.7
10307.9 5706.49
1145 5727.08
5823.22 5732.38
7261.57 5735.16
3244.7 5747.42
2031.45 5747.88
8985.35 5753.03
7861.58 5778.39
4196.5 5784.86
5232.86 5793.24
226.022 5797.6
1723.76 5842.52
2820.4 5891.09
10774.4 5898.91
6086.51 5929.83
6902.53 5932.46
8287.08 5939.93
7479.62 5955.96
1362.63 5959.99
9384.46 5974.65
2226.87 5989.37
6516.89 5993.02
9857.28 5995.76
8679.03 5997.28
10173 6005.16
974.438 6009.03
3617.64 6055.31
4969.46 6062.69
78.8712 6079.77
3947.27 6111.33
8019.9 6119.05
1873.69 6125.75
5385.75 6139.71
3075.3 6139.98
4583.44 6218.79
433.54 6221.62
9198.74 6230.97
8439.92 6245.69
6286.5 6249.34
9592.41 6265.71
6724.34 6267.78
5848.48 6269.66
7442.36 6287.9
9956.26 6295.77
7065.38 6302.81
10759.7 6303.78
8831.32 6349.51
10405.5 6356.15
4246.16 6377.16
5183.22 6384.61
7737.08 6385.04
1057.09 6385.96
21.2241 6440.5
669.728 6448.11
6509.7 6498.25
342.949 6542.34
8322.84 6566.79
6880.98 6589.96
4472.74 6594.88
4913.24 6597.66
7426.79 6598.88
5583.4 6604.07
4042.55 6629.99
5895.29 6632.8
10729.7 6638.14
8646.99 6664.84
10083.8 6677.18
5268.86 6694.7
1071.77 6703.13
9758.84 6720.76
8073.96 6758.96
8.88138 6764.11
9140.99 6795.07
410.511 6895.02
7704.99 6923.06
7304 6936.13
4148.36 6937.84
9520.41 6942.56
6677.51 6943.61
8617.82 6973.09
10443.7 6974.98
791.047 6979.19
6144.18 6990.05
10768.3 7000.56
6996.36 7044.52
4903.58 7044.61
5535.58 7046.39
9840.08 7052.6
4404.57 7117.96
1317.94 7127.79
7953.61 7137.04
21.6218 7149.87
8342.7 7154.69
9283.21 7180.27
2763.22 7192.32
10195.7 7224.77
8915.35 7268.43
321.564 7276.05
1997.41 7279.51
3790.81 7285.05
7265.91 7290.06
5275.94 7306.64
6443.61 7313.26
1643.97 7349.65
3191.96 7364.56
772.808 7367.67
7760.15 7395.56
2419.75 7414.22
8491.91 7430.12
4431.14 7438.45
9862.48 7444.04
5969.25 7447.75
5608.13 7449.6
9529.68 7457.53
1110.65 7457.89
6779.64 7523.69
10601.2 7524.13
10280.3 7532.61
9089.19 7550.65
5039.31 7553.03
4113.7 7565.2
310.856 7585.42
4725.65 7614.16
3756.68 7632.65
1830.3 7635.47
7484.89 7661.59
2682.07 7684.88
8229.79 7691.09
3263.06 7700.02
7165.96 7705.69
926.336 7734.67
9711.34 7750.58
1519.78 7796.28
6071.52 7807.63
8524.16 7815.44
6487.58 7823.39
506.312 7845.51
6823.84 7845.84
10254.8 7846.89
126.559 7860.59
5596.57 7867.61
2363.14 7870.02
2965 7890.55
8879.34 7892.58
7860.25 7929.75
9440.92 7933.67
1870.32 7966.08
10695.2 7978.14
9927.86 8017.98
3394.12 8045.96
3842.97 8065.8
4425.25 8075.71
7366.21 8083.38
1359.6 8085.88
5013.82 8089.12
1051.65 8093.61
8165.8 8105.55
6507.79 8138.53
10223.2 8158.85
9057.79 8162.62
6893.87 8176.25
8474.04 8189.55
2747.2 8193.12
2435.62 8200.11
5384.07 8235.02
99.2256 8264.84
5957.25 8279.05
4107.25 8289.68
448.691 8293.54
3604.15 8299.93
1999.03 8312.76
10547.1 8332.06
3209.58 8338.97
1215.18 8366.31
9583.04 8366.88
7299 8406.7
1627.76 8407.27
6295.39 8410.83
8147.22 8413.08
4915.83 8417.13
7737.85 8427.05
4383.86 8467.82
734.362 8479.01
6950.61 8495.44
5556.6 8498.26
8889.23 8527.15
6634.98 8536.61
3845.23 8549.68
2870.5 8553.8
10150.1 8570.44
5881.74 8604.03
9186.81 8612.52
4650.03 8627.36
1891.13 8639.8
1334.9 8669.68
2304.36 8671.35
5172.75 8683.12
10516.1 8683.61
361.013 8702.07
6195.81 8709.01
4176.95 8718.72
3174.64 8728.51
5.8435 8735.2
8546.46 8751.74
1015.89 8783.87
7080.16 8804.45
708.241 8807.82
9890.91 8808.63
3500.88 8823.99
8918.04 8839.47
5590.14 8839.52
6709.97 8875.47
2870.74 8891.83
4837.96 8900.96
3885.03 8915.2
10289.6 8916.08
8090.63 8918.17
9561.29 8950.61
1535.56 8954.89
1851.47 8965.47
7676.01 9000.46
232.269 9002.63
6196.39 9025.3
5165.53 9039.17
4267.94 9077.79
2589 9100.81
1185.59 9114.02
2129.31 9122.91
10543.9 9127.24
5494.06 9150.01
9996.87 9157.69
7362.19 9161.29
3337.21 9166.85
8574.69 9176.31
3711.46 9191.27
8995.49 9192.3
8194.61 9210.53
4687.76 9212.58
744.947 9232.79
5829.68 9233.66
6830.29 9238.16
0.000702844
590
1903.49 0.643607
10757.2 1.3497
6371.44 4.81523
2354.23 6.0829
169.94 14.7321
9066.3 25.8323
5021.85 25.9884
3517.79 28.1824
3079.24 30.0577
532.869 49.808
9375.34 55.1049
1470.72 57.2488
4569.07 70.7024
4233.32 79.6981
8032.47 111.077
6793.36 111.407
8732.74 117.322
7323.14 129.634
5550.36 133.367
10215.9 158.909
5868.31 180.102
2818.2 215.931
8321.46 230.914
1182.81 233.966
803.407 234.193
3799.74 247.057
7712.66 247.925
6256.65 319.222
4832.63 341.613
9581.32 356.147
9265.27 366.075
5250.34 368.447
1557.16 400.245
8924.27 401.21
302.857 402.32
10445.8 406.596
9961.12 406.602
7088.42 419.87
8045.5 438.929
2606.91 469.855
4268.08 471.417
6754.47 472.916
2117.25 475.092
5992.07 514.413
3076.71 517.151
618.583 550.622
5674.65 553.879
8549.72 574.632
7608.07 585.542
1259.75 596.959
10698.3 626.703
3408.19 633.087
5011.75 636.577
8208.48 708.184
3897.78 712.93
9005.46 730.604
6216.56 752.704
7882.13 764.791
4423.61 800.476
2556.52 820.226
9393.26 820.851
77.6162 830.911
6571.53 841.9
1441.13 857.892
1017.82 858.779
10087.7 860.266
7385.14 911.089
5508.88 918.337
10420.9 941.396
4883.75 945.077
8734.7 957.045
3431.15 957.644
1969.19 969.653
7000.27 1002.05
9644.03 1035.21
3802.35 1046.34
716.663 1050.33
2777.99 1066.1
5886.48 1074.77
10695.6 1105.3
266.073 1108.76
3112.4 1111.04
4613.27 1113.62
1200.55 1128.5
6677.96 1133.42
9126.01 1137.3
1624.03 1156.46
2470.52 1163.97
8046.06 1175.98
4221.9 1185.82
6228.61 1239.14
5405.1 1253.55
7123.97 1305.17
2068.72 1316.53
7742.13 1343.68
8495.28 1352.45
3831.13 1353.29
10455 1368.68
5115.1 1380.84
1375.84 1391.94
4655.5 1438.31
6756.26 1446.49
8851.18 1458.28
9261.57 1459.88
9615.66 1460.41
10123.8 1481.59
207.191 1481.73
3497.95 1499.53
958.459 1511.67
2504.16 1512.39
1663.73 1531.54
6143.97 1570.43
641.808 1570.55
5597.93 1582.51
7961.33 1622.05
3221.44 1648.87
10687.9 1651.28
5261.61 1658.75
2112.36 1659.27
8517.58 1739.81
1262.46 1740.93
7366.52 1744.84
6436.51 1752.3
4964.27 1755.46
4295.33 1761.59
2755.75 1761.86
6997.39 1792.66
8208.3 1821.64
178.477 1843.35
9132.7 1844.97
3987.39 1863.64
3540.11 1875.25
10392.4 1911.61
821.903 1915.28
2363.1 1938.91
5765.22 1945.43
5453.57 1972.17
7575.7 1984.97
511.89 1996.82
9811.9 1997.84
3251.81 2007.43
1528.89 2011.42
8749.58 2011.98
1876.25 2043.52
10697 2075.65
6803.09 2080.31
5152.02 2156.92
9207.07 2160.58
6302.83 2163.57
4469.44 2165.53
7967.58 2188.15
1267.18 2210.42
4832.45 2234.79
868.957 2235.59
9536.45 2235.77
7334.87 2265.02
122.844 2269.96
4058.8 2307.33
8400.77 2340.52
431.49 2348.95
10602.9 2375.46
8857.7 2457.39
5724.97 2464.42
9225.41 2477.63
10263.9 2480.58
6751.55 2501.14
4549.01 2504.67
9725.17 2525.13
826.803 2560.44
1151.98 2608.61
8118.81 2616.96
6105.86 2630.61
218.904 2631.27
7128.56 2655.18
5069.43 2692.34
4052.25 2705.12
5448.86 2712.21
7700.42 2717.9
563.824 2754.42
10468.5 2763.85
8831.19 2766.48
6384.27 2778.28
8433.68 2789.49
9389.97 2796.71
7424.06 2856.31
9783.86 2903.03
6850.4 2905.17
10193 2906.34
5828.83 2917.72
8141.25 2940.41
10758.3 2943.59
1011.69 2966.39
4982.35 3018.54
4102.16 3019.27
4581.73 3020.82
7132.47 3032.14
5396.49 3057.56
500.007 3068.21
6201.41 3101.92
10474 3114.64
8482.73 3136.61
2338.52 3144
3208.68 3171.04
9601.26 3171.9
96.3714 3176.32
9988.57 3181.14
1408.3 3186.06
6704.75 3186.34
9230.02 3190.15
8850.42 3229.77
4324.01 3240.51
891.514 3294.69
2657.53 3297.21
3724.42 3325.97
5608.56 3408.96
5939.65 3414.39
6291.64 3431.68
1900.58 3441.41
8247.07 3454.53
632.263 3473.79
4886.93 3474.22
5299.47 3490.71
6675.22 3494.73
9102.86 3501.94
3205.39 3521.04
1433.51 3529.71
10701.5 3541.99
4199.55 3544.22
9422.27 3550.19
9739.84 3550.47
1087.9 3571.35
4577.4 3590.52
10212.4 3610.63
8558.15 3629.05
2479.65 3658.53
6069.96 3717.18
198.629 3724.97
1832.08 3773.35
2918.02 3774.84
5695.01 3807.69
3504.12 3821.44
8305.51 3840.81
4041.93 3848
2209.05 3853.13
1429.51 3854.55
9235.55 3858.39
4864.31 3873.67
6483.95 3885.7
982.609 3916.95
423.865 3992
10765.8 3994.39
4560.52 4006.75
9860.5 4016.86
0.679564 4024.9
9519.06 4032.48
5218.17 4053.66
2439.55 4094.51
8901.36 4104.45
2822.72 4125.16
3709.5 4136.96
10184 4153.58
3369.4 4170.18
6229.98 4180.63
6681.08 4208.66
8406.64 4214.3
4246.29 4222.65
7053.16 4240.91
784.452 4256.94
7641.26 4264.98
8073.69 4272.84
1998.67 4273.25
5688 4288.03
9232.2 4299.25
1310.15 4300.05
4643.73 4312.32
10704.3 4380.89
9713.09 4382.65
1665.91 4420.14
4997.39 4447.7
8830.77 4448.8
233.789 4449.98
3692.45 4457.33
10347.4 4460.12
5958.86 4464.04
5387.9 4473.19
3225.98 4533.66
6604.37 4545.07
7152.51 4556.67
559.026 4558.46
6288.7 4563.55
2702.45 4574.96
8193.19 4586.71
9956.45 4586.88
3973.16 4591.66
1970.55 4597.42
1218.75 4615.74
7814.04 4622.61
4581.74 4633.35
1590.75 4728.53
9588.27 4731.25
7491.88 4733.29
94.1052 4749.42
5648.3 4788.98
5993.35 4800.73
10707.6 4812.4
8475.51 4832.3
8977.48 4839.26
3741.14 4845.45
3121.03 4852.54
10251.2 4855.59
373.324 4883.23
6830.64 4895.29
4390.73 4902.61
4822.26 4904.61
2041.75 4915.37
2665.53 4922.13
994.994 4928.32
1329.31 4949.81
6456.14 4967.81
5269.99 4999.6
9217.19 5034.94
4043 5036.42
1706.6 5038.18
3420.65 5057.87
7342.36 5060.41
9529.2 5090.29
8657.65 5109.04
158.385 5112.65
767.208 5154.29
10319 5178.89
9959.34 5185.13
463.093 5209.39
6238.94 5214.43
6692.68 5240.49
2492.61 5284.27
2055.97 5291.14
10630.9 5293.04
3031.88 5293.22
4779.33 5295.48
5867.65 5295.82
1479.51 5301.89
5393.38 5308.53
4291.36 5333.68
8056.6 5337.53
8429.23 5363.07
7580.01 5400.31
3566.31 5407.4
1081.51 5424.92
121.058 5446.68
9356.02 5452.59
7120.61 5457.98
8799.77 5504
6135.08 5509.84
5088.71 5513.41
10036.5 5524.78
2347.79 5572.25
2741.78 5573.95
6701.26 5595.21
9732.51 5596.62
1504.45 5624.85
4787.53 5638.51
3786.18 5642.87
629.432 5689.7
10307.9 5706.49
1145 5727.08
7261.57 5735.16
3244.7 5747.42
2031.45 5747.88
8985.35 5753.03
7861.58 5778.39
4196.5 5784.86
5232.86 5793.24
226.022 5797.6
1723.76 5842.52
5743.81 5872.11
2820.4 5891.09
10774.4 5898.91
6086.51 5929.83
8287.08 5939.93
7479.62 5955.96
9384.46 5974.65
2226.87 5989.37
6948.44 5990.37
8679.03 5997.28
10173 6005.16
974.438 6009.03
6515.14 6041.01
9767.89 6042.77
3617.64 6055.31
4969.46 6062.69
78.8712 6079.77
3947.27 6111.33
8019.9 6119.05
1873.69 6125.75
3075.3 6139.98
1299.57 6147.91
4583.44 6218.79
433.54 6221.62
9198.74 6230.97
8439.92 6245.69
6286.5 6249.34
5848.48 6269.66
7442.36 6287.9
9956.26 6295.77
7065.38 6302.81
10759.7 6303.78
8831.32 6349.51
5495.73 6353.59
10405.5 6356.15
4246.16 6377.16
1008.81 6379.39
21.2241 6440.5
669.728 6448.11
6509.7 6498.25
5231.64 6521.19
342.949 6542.34
9398.25 6548.64
8322.84 6566.79
7948.01 6576.13
6880.98 6589.96
4472.74 6594.88
7468.85 6617.68
6217.06 6629.03
4042.55 6629.99
5895.29 6632.8
10729.7 6638.14
4814.6 6639.83
8646.99 6664.84
10083.8 6677.18
1071.77 6703.13
9758.84 6720.76
9140.99 6795.07
410.511 6895.02
7704.99 6923.06
7304 6936.13
4148.36 6937.84
6677.51 6943.61
1304.82 6956.24
8617.82 6973.09
10443.7 6974.98
791.047 6979.19
6144.18 6990.05
10768.3 7000.56
6996.36 7044.52
4903.58 7044.61
5535.58 7046.39
8041.31 7094.13
4404.57 7117.96
9601.87 7132.82
21.6218 7149.87
9283.21 7180.27
2763.22 7192.32
10221.6 7204.28
5931.54 7245.95
8915.35 7268.43
321.564 7276.05
1997.41 7279.51
3790.81 7285.05
7265.91 7290.06
5275.94 7306.64
6443.61 7313.26
1643.97 7349.65
3191.96 7364.56
772.808 7367.67
4791.12 7372.09
7760.15 7395.56
2419.75 7414.22
8491.91 7430.12
4431.14 7438.45
9862.48 7444.04
5608.13 7449.6
9529.68 7457.53
1110.65 7457.89
6779.64 7523.69
10601.2 7524.13
10280.3 7532.61
9089.19 7550.65
4113.7 7565.2
3756.68 7632.65
1830.3 7635.47
8220.22 7646.2
7484.89 7661.59
4733.7 7677.68
2919.97 7696.65
3263.06 7700.02
7165.96 7705.69
9711.34 7750.58
5204.05 7758.26
22.2227 7765.5
1519.78 7796.28
8524.16 7815.44
6487.58 7823.39
5932.38 7836.05
506.312 7845.51
6823.84 7845.84
10254.8 7846.89
9241.35 7858.8
5596.57 7867.61
2363.14 7870.02
8879.34 7892.58
7877.2 7908.31
1870.32 7966.08
3606.75 7976.77
10695.2 7978.14
4157.12 7979.07
7366.21 8083.38
1359.6 8085.88
5013.82 8089.12
4499.23 8092.02
1051.65 8093.61
8165.8 8105.55
6911.68 8158.4
10223.2 8158.85
9057.79 8162.62
2747.2 8193.12
2261.49 8200.94
9873.31 8226.29
5384.07 8235.02
99.2256 8264.84
5957.25 8279.05
448.691 8293.54
3604.15 8299.93
6625.92 8300.67
3209.58 8338.97
4077.25 8339.79
8742.31 8343.37
9583.04 8366.88
7299 8406.7
6295.39 8410.83
8147.22 8413.08
7737.85 8427.05
4938.52 8433.3
4383.86 8467.82
5583.43 8481.87
6950.61 8495.44
10720.6 8497.1
2610.99 8501.48
867.196 8511.92
1342.27 8536.33
3845.23 8549.68
10150.1 8570.44
5881.74 8604.03
9186.81 8612.52
4650.03 8627.36
1891.13 8639.8
2304.36 8671.35
5172.75 8683.12
361.013 8702.07
6195.81 8709.01
4176.95 8718.72
5.8435 8735.2
8546.46 8751.74
2873.94 8780.5
1015.89 8783.87
7253.48 8784.1
708.241 8807.82
9890.91 8808.63
3500.88 8823.99
8918.04 8839.47
5590.14 8839.52
6709.97 8875.47
2560.73 8886.57
3195.6 8892.68
7966.86 8895.54
4837.96 8900.96
3885.03 8915.2
10289.6 8916.08
9561.29 8950.61
1535.56 8954.89
1851.47 8965.47
7676.01 9000.46
232.269 9002.63
5281.58 9070.07
4267.94 9077.79
1185.59 9114.02
2129.31 9122.91
10543.9 9127.24
9256.16 9150.47
9996.87 9157.69
7362.19 9161.29
3337.21 9166.85
8574.69 9176.31
3711.46 9191.27
6435.45 9202.17
2881.37 9203.11
8226.72 9211.62
4687.76 9212.58
744.947 9232.79
5829.68 9233.66
6830.29 9238.16
0.000703527
589
1903.49 0.643607
10757.2 1.3497
6371.44 4.81523
169.94 14.7321
5021.85 25.9884
4111.07 26.748
3517.79 28.1824
9375.34 55.1049
1470.72 57.2488
851.407 66.8999
8032.47 111.077
6793.36 111.407
7323.14 129.634
5550.36 133.367
8851.42 141.715
2367.37 142.385
453.646 150.785
10215.9 158.909
4459.69 178.637
5868.31 180.102
2818.2 215.931
9652.41 227.525
3799.74 247.057
2076.71 283.793
9121.75 293.013
30.1768 327.674
6524.91 335.009
994.736 360.507
7641.67 366.046
5250.34 368.447
1557.16 400.245
10445.8 406.596
7004.02 412.257
8045.5 438.929
701.211 460.725
8383.41 468.852
4268.08 471.417
7342.98 493.767
9459.14 508.281
5992.07 514.413
2296.23 523.109
3521.05 538.891
2627.64 543.381
4660.64 549.963
10169.8 551.657
8666.5 595.86
9867.83 614.256
5687.4 615.49
10698.3 626.703
5011.75 636.577
444.119 700.665
2954.75 719.445
1337.6 720.349
9005.46 730.604
1675.8 749.094
6216.56 752.704
7882.13 764.791
4423.61 800.476
9393.26 820.851
4049.94 822.012
77.6162 830.911
4730.53 858.734
1017.82 858.779
10087.7 860.266
10405 870.696
6804.06 877.166
3430.59 890.823
7385.14 911.089
8734.7 957.045
5157.56 966.458
1969.19 969.653
2409.68 983.753
8305.26 998.587
9644.03 1035.21
3802.35 1046.34
716.663 1050.33
2777.99 1066.1
5643.56 1068.1
10695.6 1105.3
3112.4 1111.04
1200.55 1128.5
9126.01 1137.3
1624.03 1156.46
8046.06 1175.98
10126.1 1182.21
4221.9 1185.82
4706.46 1189.83
6606.02 1213.77
6228.61 1239.14
927.589 1299.51
2068.72 1316.53
453.991 1319.4
7742.13 1343.68
8495.28 1352.45
3831.13 1353.29
5932.04 1359.72
137.033 1368.71
5115.1 1380.84
7152.7 1385.31
1375.84 1391.94
6835.83 1443.87
2938.77 1456.5
8851.18 1458.28
9261.57 1459.88
9615.66 1460.41
3497.95 1499.53
4439.5 1502.53
2504.16 1512.39
1663.73 1531.54
10065.1 1547.32
641.808 1570.55
5597.93 1582.51
7961.33 1622.05
10722.6 1629.95
5261.61 1658.75
2112.36 1659.27
944.938 1679.99
7028.15 1711.99
9429.91 1719.17
7366.52 1744.84
6436.51 1752.3
4964.27 1755.46
2755.75 1761.86
1263.36 1767.6
5955.64 1783.3
4442.85 1818.74
178.477 1843.35
9132.7 1844.97
3423.73 1863.36
3987.39 1863.64
3061.83 1882.26
10392.4 1911.61
2363.1 1938.91
1910.52 1940.66
8823.75 1947.51
6838.37 1964.43
5453.57 1972.17
7575.7 1984.97
9762.6 2016.75
8399.88 2020.72
3697.25 2023.37
10691.9 2033.49
6199.22 2034.23
1609.27 2041.95
10104.3 2054.76
854.933 2098.09
470.97 2115.48
7198.69 2135.38
5736.19 2146.96
4469.44 2165.53
1267.18 2210.42
4832.45 2234.79
9536.45 2235.77
8113.37 2281.09
8974.18 2290.74
59.5566 2302.47
6379.63 2303.68
4171.47 2335.83
6063.61 2347.08
9993.88 2351.42
5218.11 2395.69
10699.6 2407.25
358.221 2408.71
10350.7 2440.51
8530.92 2453.39
6930.38 2492.86
4549.01 2504.67
976.873 2504.74
5746.72 2508.64
9710.57 2512.98
7528.59 2522.06
4933.24 2532.52
9238.59 2599.95
8118.81 2616.96
87.2303 2668.75
7198.18 2682.34
5413.84 2716.81
4046.94 2723.3
8831.19 2766.48
8484.66 2771.26
6384.27 2778.28
647.945 2794.1
4752.32 2826.72
7500.53 2835.47
1329.65 2849.25
9439.31 2878.49
5150.75 2887.51
6021.44 2892.29
9783.86 2903.03
6850.4 2905.17
10193 2906.34
8269.76 3002.39
1046.03 3028
7132.47 3032.14
7898.25 3036.7
4060.51 3062.93
3284.55 3084.51
1932.22 3111.71
10513.3 3118.01
2940.74 3133.56
3626.23 3141.32
2338.52 3144
4802.96 3149.32
82.5184 3158.84
455.159 3164.72
9601.26 3171.9
8840.9 3173.84
9988.57 3181.14
1408.3 3186.06
6704.75 3186.34
9230.02 3190.15
4405.22 3218.25
891.514 3294.69
6169.83 3349.5
3927.21 3383.22
2748.45 3399.51
5608.56 3408.96
8586.91 3430.79
3512.38 3439.91
3078.47 3443.68
8152.16 3458.16
4886.93 3474.22
554.768 3479.02
5299.47 3490.71
217.89 3490.82
6675.22 3494.73
10304.6 3501.17
1518.26 3519.45
9698.28 3523.45
9381.85 3534.96
1101.44 3540.35
10701.5 3541.99
4199.55 3544.22
8926.38 3546.3
2484.39 3577.8
4577.4 3590.52
10065.4 3727.8
2818.57 3743.78
5948.01 3769.22
1832.08 3773.35
3704.36 3784.04
8128.02 3792.35
10509 3811.18
942.016 3814.9
4041.93 3848
2209.05 3853.13
1429.51 3854.55
499.877 3862.49
9385.55 3882.68
6483.95 3885.7
9797.74 3885.91
8605.63 3888.58
8923.06 3922.97
5448.74 3930.19
5120.77 3931.77
3134.54 3958.87
4448.24 3963.67
10763.5 4027.88
176.285 4045.93
1857.73 4087.19
2439.55 4094.51
714.532 4114.21
2822.72 4125.16
3799.32 4125.26
10184 4153.58
4122.04 4156.46
3369.4 4170.18
6229.98 4180.63
1326.53 4202.86
5915.97 4206.06
8406.64 4214.3
8931.46 4241.01
6728.26 4248.66
7641.26 4264.98
5153.62 4268.68
7130 4284.35
4643.73 4312.32
22.1492 4326.35
9242.16 4348.77
9676.9 4348.95
2114.8 4350.52
333.963 4357.2
3735.43 4446.54
10361 4463.63
5387.9 4473.19
1460.77 4487.62
8197.34 4510.38
6604.37 4545.07
1020.5 4546.94
4141.64 4546.96
698.318 4553.22
6288.7 4563.55
2566 4593.06
7149.37 4601.87
8900.52 4603.64
7814.04 4622.61
3020.79 4623.34
1746.78 4624.54
4764.24 4669.8
2055.75 4693.74
10663 4714.96
9888.06 4724.75
9505.87 4727.12
106.099 4737.68
7550.45 4782.85
8496.7 4783.42
5648.3 4788.98
1432.5 4799.05
5993.35 4800.73
8169.61 4821.82
482.112 4835.42
3741.14 4845.45
3433.32 4874.1
10346.3 4889.7
6830.64 4895.29
4390.73 4902.61
2575.98 4916.52
4961.55 4922.89
994.994 4928.32
6456.14 4967.81
4043 5036.42
9103.45 5037.77
1706.6 5038.18
7342.36 5060.41
5265.72 5093
158.385 5112.65
2051.53 5146.5
8512.5 5171.92
463.093 5209.39
6238.94 5214.43
5633.97 5239.08
6692.68 5240.49
1459.06 5267.28
10254.6 5270.89
9370.63 5282.33
2492.61 5284.27
10630.9 5293.04
3031.88 5293.22
4779.33 5295.48
9760.4 5319.61
4291.36 5333.68
1756.29 5383.86
8770.16 5387.51
1007.7 5398.59
7580.01 5400.31
3566.31 5407.4
121.058 5446.68
7120.61 5457.98
8154.59 5460.02
5133.27 5468.23
687.732 5506.18
6135.08 5509.84
2781.78 5571.43
2347.79 5572.25
5488.81 5580.94
10007.3 5592.39
6701.26 5595.21
8487.49 5606.16
9412.07 5607.59
4787.53 5638.51
3786.18 5642.87
7869.57 5647.18
1272.31 5691.6
10307.9 5706.49
3127.56 5711.91
3483.64 5734.85
7261.57 5735.16
2031.45 5747.88
8985.35 5753.03
4196.5 5784.86
8236.84 5788.27
5232.86 5793.24
226.022 5797.6
594.033 5830.44
1723.76 5842.52
2820.4 5891.09
10774.4 5898.91
9556.41 5901.77
6902.53 5932.46
7479.62 5955.96
7917.51 5979.84
2226.87 5989.37
8533.93 5989.39
6516.89 5993.02
5917.43 5993.85
9857.28 5995.76
974.438 6009.03
3617.64 6055.31
4969.46 6062.69
78.8712 6079.77
1873.69 6125.75
5385.75 6139.71
3075.3 6139.98
4475.57 6166.2
433.54 6221.62
9198.74 6230.97
6286.5 6249.34
9592.41 6265.71
7442.36 6287.9
9956.26 6295.77
7065.38 6302.81
10759.7 6303.78
10413.2 6370.07
4246.16 6377.16
7737.08 6385.04
8459.28 6387.13
21.2241 6440.5
669.728 6448.11
5618.04 6488.62
9006.12 6494.59
6509.7 6498.25
1247.69 6517.47
9330.89 6525.41
6880.98 6589.96
4472.74 6594.88
4913.24 6597.66
7426.79 6598.88
5895.29 6632.8
10729.7 6638.14
8727.1 6659.4
10083.8 6677.18
962.011 6686.84
5268.86 6694.7
6247.96 6697.05
9758.84 6720.76
8.88138 6764.11
9140.99 6795.07
7659.57 6810.89
410.511 6895.02
7949.03 6929.43
7304 6936.13
4148.36 6937.84
9520.41 6942.56
6677.51 6943.61
8617.82 6973.09
10443.7 6974.98
791.047 6979.19
6144.18 6990.05
10768.3 7000.56
6996.36 7044.52
4903.58 7044.61
5535.58 7046.39
9840.08 7052.6
4404.57 7117.96
1317.94 7127.79
21.6218 7149.87
9283.21 7180.27
2763.22 7192.32
10300.8 7253.23
4099.53 7254.86
8457.8 7256.75
1997.41 7279.51
3790.81 7285.05
5275.94 7306.64
7435.96 7306.71
6443.61 7313.26
8870.04 7331.41
1643.97 7349.65
3191.96 7364.56
772.808 7367.67
7760.15 7395.56
2419.75 7414.22
4431.14 7438.45
9862.48 7444.04
5969.25 7447.75
5608.13 7449.6
9529.68 7457.53
1110.65 7457.89
10601.2 7524.13
9089.19 7550.65
6728.27 7552.18
5039.31 7553.03
310.856 7585.42
4725.65 7614.16
3756.68 7632.65
1830.3 7635.47
7484.89 7661.59
2682.07 7684.88
8229.79 7691.09
3263.06 7700.02
7165.96 7705.69
4282.64 7714.56
926.336 7734.67
9711.34 7750.58
1364.66 7751.6
6071.52 7807.63
8524.16 7815.44
6487.58 7823.39
6823.84 7845.84
10254.8 7846.89
5213.3 7853.1
126.559 7860.59
5596.57 7867.61
2363.14 7870.02
2965 7890.55
8879.34 7892.58
7860.25 7929.75
9440.92 7933.67
1870.32 7966.08
10695.2 7978.14
9927.86 8017.98
661.297 8035.21
7451.77 8040.05
4199.85 8058.77
1359.6 8085.88
5013.82 8089.12
1051.65 8093.61
8165.8 8105.55
6507.79 8138.53
5341.72 8151.61
10223.2 8158.85
9057.79 8162.62
6893.87 8176.25
8474.04 8189.55
2747.2 8193.12
2435.62 8200.11
3854.86 8207.33
4558.02 8211.02
339.909 8257.92
5957.25 8279.05
21.0948 8291.23
1999.03 8312.76
10547.1 8332.06
3209.58 8338.97
1215.18 8366.31
9583.04 8366.88
7299 8406.7
1627.76 8407.27
6295.39 8410.83
8147.22 8413.08
4915.83 8417.13
7737.85 8427.05
4383.86 8467.82
734.362 8479.01
6950.61 8495.44
5556.6 8498.26
8889.23 8527.15
6634.98 8536.61
3845.23 8549.68
10150.1 8570.44
231.623 8577.44
5881.74 8604.03
9186.81 8612.52
4650.03 8627.36
1891.13 8639.8
2304.36 8671.35
5172.75 8683.12
10516.1 8683.61
1318.07 8696.13
6195.81 8709.01
2889.9 8727.17
7425.69 8734.12
8546.46 8751.74
7080.16 8804.45
708.241 8807.82
3500.88 8823.99
9883.97 8840.47
4837.96 8900.96
5727.27 8901.11
6517.01 8910.43
3885.03 8915.2
10289.6 8916.08
8090.63 8918.17
9561.29 8950.61
4330.69 8952.1
9222.29 8954.14
1535.56 8954.89
1851.47 8965.47
7676.01 9000.46
232.269 9002.63
6196.39 9025.3
5165.53 9039.17
2589 9100.81
1185.59 9114.02
10543.9 9127.24
7015.96 9132.15
2190.65 9141.43
5494.06 9150.01
9996.87 9157.69
6699.41 9159.86
7362.19 9161.29
3337.21 9166.85
532.929 9170.91
8574.69 9176.31
3711.46 9191.27
3022.22 9205.46
8194.61 9210.53
4687.76 9212.58
5829.68 9233.66
0.0007036
588
2354.23 6.0829
1547.42 16.5523
6190.17 18.4068
6856.1 23.2138
5021.85 25.9884
2700.42 32.1445
5880.3 38.8184
9577.16 48.5468
5426.07 53.2699
8790.63 60.451
9218.05 64.1786
4569.07 70.7024
983.202 71.1195
10681.5 81.3744
4154.52 111.686
7323.14 129.634
589.939 129.881
3686.71 143.103
245.079 151.935
1978.53 166.702
8496.23 167.49
9878.68 208.351
8043.8 224.887
7712.66 247.925
3225.79 267.37
5210.54 276.66
4825.44 300.741
6256.65 319.222
6873.34 333.712
5640.04 357.65
9285.7 371.753
10430.8 383.192
8924.27 401.21
708.084 420.866
1617.87 433.67
3505.75 433.809
4268.08 471.417
320.007 480.45
7.49313 495.097
2773.99 503.495
2335.53 517.73
9695.11 538.686
8606.24 541.485
10087 546.805
7285.86 548.335
4644.07 552.223
7608.07 585.542
7984.25 594.477
1259.75 596.959
3137.08 610.412
5146.23 619.354
6966.17 660.706
6602.24 661.953
5740.14 708.264
3897.78 712.93
8993.81 720.005
1868.45 757.749
667.938 779.574
4345.95 823.081
77.6162 830.911
10238.2 838.648
9379.74 849.768
1017.82 858.779
2737.72 862.475
2327.24 873.459
1514.09 883.704
6298.35 888.93
10717.1 900.005
7385.14 911.089
5508.88 918.337
7777.79 926.538
4883.75 945.077
8270.16 954.64
7000.27 1002.05
3584.41 1012.53
9644.03 1035.21
8702.14 1070.44
5886.48 1074.77
266.073 1108.76
4195.67 1124.12
3058.43 1125.36
6677.96 1133.42
763.226 1136.7
9126.01 1137.3
9993.6 1139.4
1870.42 1166.82
3856.65 1199.62
10356.6 1228.18
7912.27 1231.68
1468.65 1232.12
6228.61 1239.14
2460.73 1264.27
5377.38 1273.69
7466.18 1285.97
16.911 1291.69
10684.3 1310.36
8495.28 1352.45
7041.25 1355.85
2135.26 1356.39
4798.46 1397.14
4413.03 1443.9
6695.61 1449
422.445 1452.44
834.131 1456.12
8851.18 1458.28
9261.57 1459.88
9615.66 1460.41
1241.88 1471.69
3497.95 1499.53
1663.73 1531.54
2924 1543.54
4042.91 1558.36
6143.97 1570.43
5597.93 1582.51
10315.1 1590.39
10731.1 1643.02
5261.61 1658.75
2529.62 1660.45
1990.2 1689.02
4602.95 1699.21
4931.25 1711.19
8210.33 1713.25
8517.58 1739.81
9857.5 1743.26
1412.91 1743.68
7366.52 1744.84
4295.33 1761.59
486.497 1762
9550.92 1784.9
7856.71 1785.24
6997.39 1792.66
178.477 1843.35
9132.7 1844.97
3423.73 1863.36
5499.92 1891.79
5928.01 1897.25
821.903 1915.28
2363.1 1938.91
8823.75 1947.51
4026.56 1947.83
10297.9 1948.67
7575.7 1984.97
2984.23 1998.08
3697.25 2023.37
6524.14 2032.02
10691.9 2033.49
1876.25 2043.52
7989.83 2074.83
9909.4 2080.01
5736.19 2146.96
7116.99 2156.11
5152.02 2156.92
4469.44 2165.53
1278.16 2175.24
4832.45 2234.79
9536.45 2235.77
7430.03 2268.56
964.357 2279.15
522.524 2283.89
8974.18 2290.74
6746.75 2310.6
186.677 2317.72
6180.87 2336.64
8400.77 2340.52
10602.9 2375.46
5389.04 2403.02
10263.9 2480.58
4549.01 2504.67
9885.84 2542.76
7879.77 2566.17
5857.06 2569.57
7491.12 2571.88
5066.6 2575.99
6966.66 2578.55
9238.59 2599.95
218.904 2631.27
602.618 2688.93
5448.86 2712.21
8248.91 2741.8
4079.21 2760.31
10468.5 2763.85
8831.19 2766.48
6384.27 2778.28
940.399 2819.37
1329.65 2849.25
9459 2877.57
5127.5 2883.29
4635.03 2893.25
9783.86 2903.03
10193 2906.34
7582.35 2912.1
5828.83 2917.72
10740.4 2965.25
6791.88 2998.7
8423.26 3016.04
7132.47 3032.14
7898.25 3036.7
9005.36 3070.87
1932.22 3111.71
351.73 3115.56
2940.74 3133.56
3256.41 3139.67
3626.23 3141.32
9601.26 3171.9
1408.3 3186.06
8679.27 3191.15
8167.25 3198.19
4792.85 3202.86
6103.05 3211.99
6439.97 3214.05
4405.22 3218.25
3993.52 3221.24
10504.2 3276.43
891.514 3294.69
2392.47 3333.08
10133.6 3341.01
9313.46 3369.13
8988.42 3378.68
5608.56 3408.96
1900.58 3441.41
632.263 3473.79
5299.47 3490.71
6675.22 3494.73
3205.39 3521.04
6324.55 3521.95
4.87555 3524.81
1433.51 3529.71
10701.5 3541.99
3534.17 3545.82
9739.84 3550.47
8602.33 3576.18
4577.4 3590.52
330.377 3604.23
3984.71 3627.13
2479.65 3658.53
9266.65 3687.86
6069.96 3717.18
2818.41 3770.84
1832.08 3773.35
5695.01 3807.69
4254.91 3808.26
10509 3811.18
942.016 3814.9
2209.05 3853.13
1429.51 3854.55
8186.23 3861.68
499.877 3862.49
6657.18 3873.59
9797.74 3885.91
8605.63 3888.58
9067.08 3938.44
3638.63 3949.96
3134.54 3958.87
10188.9 3987.69
10765.8 3994.39
5948.83 4004.6
4970.41 4008.65
176.285 4045.93
9458.78 4063.39
1857.73 4087.19
2425.96 4095.71
2822.72 4125.16
3369.4 4170.18
6229.98 4180.63
10422.5 4206.91
8406.64 4214.3
5712.62 4216.62
4191.31 4221.78
5355.42 4248.85
784.452 4256.94
9232.2 4299.25
1310.15 4300.05
7051.54 4301.64
4643.73 4312.32
367.431 4335.06
10704.3 4380.89
4950.82 4390.95
1665.91 4420.14
7491.53 4432.02
1.72544 4439.49
2172.35 4439.65
2861.27 4442.68
3735.43 4446.54
9859.58 4447.55
8830.77 4448.8
5958.86 4464.04
3225.98 4533.66
6604.37 4545.07
1020.5 4546.94
4141.64 4546.96
5554.74 4547.84
679.061 4552.43
6288.7 4563.55
9457.86 4574.48
10379 4580.01
6917.32 4589.59
2566 4593.06
8247.19 4597.94
9141.67 4610.07
7252.38 4627.29
7959.74 4714.33
1590.75 4728.53
7574.03 4730.6
4507.21 4735.41
5213.04 4738.25
94.1052 4749.42
5993.35 4800.73
8475.51 4832.3
482.112 4835.42
3121.03 4852.54
3693.42 4859.04
4010.6 4883.8
9270.31 4890.57
1075.75 4893.31
6830.64 4895.29
4822.26 4904.61
9896.12 4907.33
6331.07 4913.01
2773.39 4967.93
1859.59 4978.1
7736.1 4992.77
2243.11 5006.22
10542 5035.71
3420.65 5057.87
7342.36 5060.41
5265.72 5093
8657.65 5109.04
158.385 5112.65
9664.45 5204.07
5570.81 5206.12
463.093 5209.39
6238.94 5214.43
10291.2 5218.04
8310.42 5225.55
6692.68 5240.49
9223.55 5251.68
1459.06 5267.28
2492.61 5284.27
2055.97 5291.14
3031.88 5293.22
4779.33 5295.48
5867.65 5295.82
804.171 5321.49
4291.36 5333.68
3711.58 5366.28
1756.29 5383.86
7580.01 5400.31
8848.34 5414.9
10592 5423.31
9951.11 5434.23
121.058 5446.68
7902.55 5453.64
7120.61 5457.98
5133.27 5468.23
539.294 5550.57
2347.79 5572.25
2741.78 5573.95
5525.49 5575.89
8205.68 5590.47
6701.26 5595.21
9412.07 5607.59
8604.41 5632.4
4787.53 5638.51
6322.61 5685.22
3893.92 5706.07
10307.9 5706.49
1145 5727.08
5823.22 5732.38
8985.35 5753.03
4196.5 5784.86
5232.86 5793.24
226.022 5797.6
9898.9 5805.96
3410.32 5826.59
1723.76 5842.52
2820.4 5891.09
10774.4 5898.91
4476.28 5913.7
6086.51 5929.83
6902.53 5932.46
8287.08 5939.93
7479.62 5955.96
1362.63 5959.99
9384.46 5974.65
6440.36 5986.47
2226.87 5989.37
8679.03 5997.28
974.438 6009.03
3617.64 6055.31
4969.46 6062.69
78.8712 6079.77
10382.7 6099.43
3242.14 6106.95
3947.27 6111.33
8019.9 6119.05
4583.44 6218.79
433.54 6221.62
9198.74 6230.97
8439.92 6245.69
5848.48 6269.66
7442.36 6287.9
6874.39 6293.67
9956.26 6295.77
10759.7 6303.78
5429.16 6327.39
9490.74 6347.7
8831.32 6349.51
4246.16 6377.16
4911.7 6377.97
7737.08 6385.04
1057.09 6385.96
21.2241 6440.5
669.728 6448.11
6509.7 6498.25
342.949 6542.34
9735.5 6556.01
8322.84 6566.79
7426.79 6598.88
5583.4 6604.07
4481.64 6608.64
8642.16 6618.95
6989.14 6625.24
4042.55 6629.99
10729.7 6638.14
10035.1 6642.8
10368.9 6644.77
4787.44 6674.03
5268.86 6694.7
8.88138 6764.11
9140.99 6795.07
7967.58 6801.92
6198.24 6858.52
1111.68 6868.38
410.511 6895.02
4148.36 6937.84
7640.04 6942.25
9520.41 6942.56
8617.82 6973.09
10443.7 6974.98
7181.23 6976.79
791.047 6979.19
10768.3 7000.56
4903.58 7044.61
5535.58 7046.39
9840.08 7052.6
5860.31 7054.37
8313.82 7089.16
4404.57 7117.96
1317.94 7127.79
9.00538 7133.52
7953.61 7137.04
9200.72 7143.5
2763.22 7192.32
6720.85 7213.33
10195.7 7224.77
3909.23 7261.76
8915.35 7268.43
321.564 7276.05
1997.41 7279.51
7265.91 7290.06
5275.94 7306.64
696.21 7318.44
1643.97 7349.65
3191.96 7364.56
3569.53 7390.49
2419.75 7414.22
6325.67 7415.7
10608 7416.82
8491.91 7430.12
4431.14 7438.45
5608.13 7449.6
7560.35 7455.58
9529.68 7457.53
1110.65 7457.89
107.169 7518.76
6779.64 7523.69
9089.19 7550.65
5039.31 7553.03
4113.7 7565.2
2663.76 7642.35
9836.61 7644.78
8229.79 7691.09
3263.06 7700.02
3604.94 7701.09
926.336 7734.67
1415.22 7758.96
7200.84 7782.88
4651.4 7803.56
6071.52 7807.63
5536.07 7809.86
6487.58 7823.39
506.312 7845.51
6823.84 7845.84
10254.8 7846.89
126.559 7860.59
2363.14 7870.02
2965 7890.55
8879.34 7892.58
7860.25 7929.75
9440.92 7933.67
1870.32 7966.08
10704.1 7999.76
3522.61 8000.21
9927.86 8017.98
3842.97 8065.8
4425.25 8075.71
7366.21 8083.38
1359.6 8085.88
8165.8 8105.55
4757.47 8114.89
5625.48 8131.37
899.598 8138.21
6507.79 8138.53
10223.2 8158.85
9057.79 8162.62
8511.71 8171.75
2747.2 8193.12
2435.62 8200.11
7013.44 8207.44
99.2256 8264.84
5957.25 8279.05
469.661 8286.89
4107.25 8289.68
1999.03 8312.76
10547.1 8332.06
3209.58 8338.97
5259.73 8356.85
9583.04 8366.88
3559.36 8393.17
7299 8406.7
1627.76 8407.27
6295.39 8410.83
8147.22 8413.08
7737.85 8427.05
734.362 8479.01
4644.22 8519.91
8889.23 8527.15
3845.23 8549.68
6865.96 8552.5
10150.1 8570.44
5881.74 8604.03
9186.81 8612.52
1334.9 8669.68
2304.36 8671.35
3122.41 8675.96
5172.75 8683.12
10516.1 8683.61
361.013 8702.07
6195.81 8709.01
5.8435 8735.2
8546.46 8751.74
1015.89 8783.87
7080.16 8804.45
9890.91 8808.63
3500.88 8823.99
8918.04 8839.47
5590.14 8839.52
7446.75 8848.14
6709.97 8875.47
4837.96 8900.96
3885.03 8915.2
10289.6 8916.08
8090.63 8918.17
9211.35 8942.2
9561.29 8950.61
1535.56 8954.89
1851.47 8965.47
232.269 9002.63
6196.39 9025.3
5165.53 9039.17
4267.94 9077.79
1202 9089.07
2192.66 9096.35
2589 9100.81
2929.22 9149.66
5494.06 9150.01
9996.87 9157.69
7074.81 9161.21
3337.21 9166.85
8574.69 9176.31
8995.49 9192.3
10501.1 9206.71
7447.67 9210.91
4687.76 9212.58
7784.12 9223.22
744.947 9232.79
3782.65 9233.45
5829.68 9233.66
0.000704064
587
4892.93 1.6023
5218.68 4373.94
1177.04 43.1237
5316.38 6859.24
9550.77 34.4867
74.572 50.84
1572.49 4382.65
4674.78 303.041
4956.36 545.48
7163.26 141.828
878.146 157.552
10751.9 166.462
8496.23 167.49
3470.95 3536.62
396.143 206.819
9878.68 208.351
5726.85 217.022
8043.8 224.887
10259 226.325
8338.08 8115.01
7712.66 247.925
9281.95 267.235
2898.08 9009.28
4061.49 337.842
6910.05 351.69
1145.77 391.001
5396.61 390.83
6166.63 392.856
708.084 420.866
7294.28 426.755
3505.75 433.809
10482.6 439.639
7984.49 4900.04
8444.53 496.378
5772.12 539.821
7873.75 2098.86
10776.6 552.545
3175.57 562.139
8675.42 3865.91
1453.84 590.302
6098.44 712.151
3607.9 28.4756
4197.28 20.1665
6966.17 660.706
8703.78 695.962
4506.11 711.067
4664.07 3379.6
6587.7 329.826
729.347 4967.85
8465.99 8706.75
4727.34 2609.5
8368.74 3517.18
10754.5 6795.58
3466.35 826.334
1792.67 8273.71
7380.06 766.863
3616.77 8165.96
5508.88 918.337
4167.97 5864.53
7958.44 761.746
5140.61 7744
7000.27 1002.05
3534.85 8894.35
9933.07 4701.68
5886.48 1074.77
8766.52 1079.45
4993.32 3372.08
1813.52 5448.14
3062.53 992.376
7727.98 1122.84
4519.11 3677.37
9126.01 1137.3
1081.35 4273.1
6545.39 7367.43
1650.93 8562.96
1772.6 635.604
915.468 4720.99
10035.5 481.966
7196.5 1303.11
1240.09 6995.12
1624.03 1156.46
8046.06 1175.98
9287.67 7889.37
5869.4 4030.14
1647.93 0.44599
8495.28 1352.45
3831.13 1353.29
10455 1368.68
5115.1 1380.84
1375.84 1391.94
4655.5 1438.31
6756.26 1446.49
5601.27 5556.61
4182.26 5077.59
9615.66 1460.41
4205.73 1371.3
207.191 1481.73
3497.95 1499.53
6480.84 2932.05
2504.16 1512.39
8398.57 6742.79
5201.09 986.2
641.808 1570.55
7961.33 1622.05
3221.44 1648.87
8819.84 6729.62
5261.61 1658.75
2676.3 601.664
2727.57 7972.87
5200.95 68.8535
7366.52 1744.84
6436.51 1752.3
4964.27 1755.46
4295.33 1761.59
5647.38 3759.81
6997.39 1792.66
8208.3 1821.64
584.677 1235.11
169.978 1845.9
3540.11 1875.25
10392.4 1911.61
821.903 1915.28
7107.31 7645.97
5765.22 1945.43
5453.57 1972.17
7575.7 1984.97
511.89 1996.82
9811.9 1997.84
3251.81 2007.43
6612.31 6197.9
716.275 6788.25
10697 2075.65
6803.09 2080.31
4986.88 5177.21
9207.07 2160.58
6302.83 2163.57
68.5353 981.885
1267.18 2210.42
1923.06 1280.92
868.957 2235.59
9536.45 2235.77
7334.87 2265.02
122.844 2269.96
4058.8 2307.33
8111.91 3886.81
3441 7735.43
8857.7 2457.39
6663.76 3659.9
9225.41 2477.63
10263.9 2480.58
4295.51 9083.91
9390.45 4207.89
7264.33 8451.04
1997.03 1767.38
5851.2 5054.21
6105.86 2630.61
2983.86 8662.08
7128.56 2655.18
5069.43 2692.34
4052.25 2705.12
5293.36 2406.48
563.824 2754.42
8831.19 2766.48
8411.69 1039.56
7586.08 8099.97
1082.9 2599.4
2273.75 4435.31
838.188 7714.44
6850.4 2905.17
8347.87 5945.23
7655.87 599.34
8566.91 1996.22
10758.3 2943.59
6965.03 4536.19
4982.35 3018.54
4102.16 3019.27
4581.73 3020.82
7784.94 2854.92
5396.49 3057.56
500.007 3068.21
6125.35 7517.79
10474 3114.64
8672.96 7072.59
5555.72 4269.95
1987.22 8791.75
96.3714 3176.32
3806.01 3648.86
4620.97 1991.55
3523.76 8512.95
5351.98 8076.81
3871.77 7187.92
4324.01 3240.51
891.514 3294.69
3724.42 3325.97
6431.09 598.219
9529.07 2882.81
3855.84 827.718
1900.58 3441.41
3918.83 1990.36
632.263 3473.79
6529.5 8447.56
5299.47 3490.71
1767.22 9165.39
9102.86 3501.94
4102.23 1037.38
1433.51 3529.71
10701.5 3541.99
4199.55 3544.22
5944.04 8933.08
1087.9 3571.35
4717.95 5831.52
1205.85 1672.97
303.312 8569.36
2479.65 3658.53
6069.96 3717.18
198.629 3724.97
8108.96 3094.16
2918.02 3774.84
6830.25 2549.33
10015.9 2778.91
4041.93 3848
2209.05 3853.13
3605.42 4474.1
9235.55 3858.39
4864.31 3873.67
1079.59 939.755
982.609 3916.95
10765.8 3994.39
4560.52 4006.75
9860.5 4016.86
0.679564 4024.9
15.9972 648.374
5218.17 4053.66
2439.55 4094.51
8901.36 4104.45
2822.72 4125.16
3709.5 4136.96
4429.96 5634.9
3369.4 4170.18
6229.98 4180.63
6681.08 4208.66
4920.95 6929.76
4246.29 4222.65
7053.16 4240.91
2585.27 1971.8
3878.78 4942.28
8073.69 4272.84
1998.67 4273.25
10289.6 6703.44
9543.7 5057.7
6028.78 1638.55
4643.73 4312.32
10704.3 4380.89
9713.09 4382.65
114 2847.96
6886.87 7354.13
10548.3 961.666
1224.21 3110.88
10347.4 4460.12
5958.86 4464.04
10103.9 8525.91
3225.98 4533.66
6604.37 4545.07
2416.77 827.399
10483.3 6052.83
6288.7 4563.55
2702.45 4574.96
8193.19 4586.71
9472.98 1751.01
3697.61 5727.49
1970.55 4597.42
1218.75 4615.74
7814.04 4622.61
4581.74 4633.35
1590.75 4728.53
9588.27 4731.25
7491.88 4733.29
6255.02 9041.12
8334.62 5117.31
10707.6 4812.4
8475.51 4832.3
8977.48 4839.26
3121.03 4852.54
10251.2 4855.59
4984.03 2328.04
6830.64 4895.29
4907.41 868.037
3330.52 1220.25
1073.64 8018.18
2665.53 4922.13
5711.12 3037.3
1329.31 4949.81
6456.14 4967.81
9182.28 4438.37
9217.19 5034.94
6457.48 3894.91
1706.6 5038.18
3420.65 5057.87
7342.36 5060.41
8513.82 5633.15
8657.65 5109.04
158.385 5112.65
2492.86 6041.7
6393.19 3317.56
9959.34 5185.13
463.093 5209.39
6238.94 5214.43
6692.68 5240.49
8178.88 2157.88
10630.9 5293.04
2925.06 1811.44
2019.95 879.114
10109.8 1395.56
1479.51 5301.89
5393.38 5308.53
6760.95 37.0886
8056.6 5337.53
9899.64 2421.74
7580.01 5400.31
3566.31 5407.4
1081.51 5424.92
121.058 5446.68
9356.02 5452.59
7120.61 5457.98
7607.11 2497.8
627.558 3885.1
5088.71 5513.41
10036.5 5524.78
2553.28 5217.76
2741.78 5573.95
6701.26 5595.21
9732.51 5596.62
8899.51 307.645
5653.89 2544.91
2605.92 3196.38
2124.71 232.726
10307.9 5706.49
1145 5727.08
10666.9 2430.53
3244.7 5747.42
2031.45 5747.88
9152.32 6281.58
7861.58 5778.39
3201.03 3348.94
5232.86 5793.24
226.022 5797.6
8902.95 7802.2
5722.98 4697.8
2820.4 5891.09
10774.4 5898.91
8905.08 1885.78
2228.04 1357.74
7479.62 5955.96
9384.46 5974.65
8813.52 9.68538
6948.44 5990.37
765.48 4357.09
10173 6005.16
7213.82 8039.73
490.838 5632.24
9767.89 6042.77
3617.64 6055.31
4969.46 6062.69
78.8712 6079.77
3947.27 6111.33
8019.9 6119.05
1431.26 8198.51
3075.3 6139.98
1299.57 6147.91
4583.44 6218.79
433.54 6221.62
5674.41 6661.81
8439.92 6245.69
6286.5 6249.34
10079.5 3484.66
7442.36 6287.9
9956.26 6295.77
5588.34 1679.14
10759.7 6303.78
8831.32 6349.51
5495.73 6353.59
10405.5 6356.15
4246.16 6377.16
1008.81 6379.39
21.2241 6440.5
669.728 6448.11
5231.64 6521.19
342.949 6542.34
2757.44 43.2262
3351.9 3826.34
7948.01 6576.13
1495.05 5764.27
3026.89 1374.27
200.634 4799.09
6217.06 6629.03
4042.55 6629.99
3246.97 7336.23
9670.58 1146.96
4814.6 6639.83
8813.91 3188.22
2969.9 3111.76
1071.77 6703.13
9758.84 6720.76
9140.99 6795.07
410.511 6895.02
7500.14 1363.15
3119.72 8006.92
4148.36 6937.84
6677.51 6943.61
2341.62 4901.06
6414.52 2465.31
10443.7 6974.98
6237.86 8133.66
6144.18 6990.05
10706.5 9007.5
4432.68 1132.26
3052.25 5273.16
8041.31 7094.13
4404.57 7117.96
9601.87 7132.82
21.6218 7149.87
9283.21 7180.27
2763.22 7192.32
10221.6 7204.28
10619.9 1678.26
8915.35 7268.43
321.564 7276.05
1997.41 7279.51
6704.88 841.557
7265.91 7290.06
5275.94 7306.64
5989.29 47.3932
1643.97 7349.65
8743.42 4590.13
772.808 7367.67
4791.12 7372.09
7760.15 7395.56
2419.75 7414.22
8491.91 7430.12
4431.14 7438.45
9862.48 7444.04
5608.13 7449.6
9529.68 7457.53
1110.65 7457.89
8437.89 3054.97
7237.03 6705.31
7047.13 9015.57
9089.19 7550.65
4113.7 7565.2
3756.68 7632.65
1830.3 7635.47
8220.22 7646.2
7484.89 7661.59
4733.7 7677.68
2919.97 7696.65
5432.94 4835.82
9868.08 3176.01
6337.22 5574.76
891.846 8364.62
22.2227 7765.5
1519.78 7796.28
8524.16 7815.44
6487.58 7823.39
5932.38 7836.05
506.312 7845.51
6823.84 7845.84
10254.8 7846.89
580.616 2407.42
5596.57 7867.61
2363.14 7870.02
2289.48 5404.01
7877.2 7908.31
1870.32 7966.08
3130.27 65.7114
10695.2 7978.14
8512.03 2729.08
9074.83 5320.66
6870.38 6451.31
5013.82 8089.12
9951.42 1700.49
788.405 5279.25
8552.31 4337.13
6911.68 8158.4
10223.2 8158.85
9057.79 8162.62
783.222 5849.74
10120.9 2151.24
4179.75 691.892
10155.6 845.136
99.2256 8264.84
5957.25 8279.05
448.691 8293.54
2142.48 8186.34
9514.41 3487.18
3209.58 8338.97
4077.25 8339.79
8742.31 8343.37
9583.04 8366.88
4444.4 8065.19
8147.22 8413.08
7737.85 8427.05
4938.52 8433.3
4383.86 8467.82
5583.43 8481.87
6950.61 8495.44
10720.6 8497.1
10766.3 7379.75
2036.7 8477.35
1342.27 8536.33
3845.23 8549.68
4867.29 4751.37
5881.74 8604.03
9186.81 8612.52
4650.03 8627.36
4435 2355.43
2304.36 8671.35
5172.75 8683.12
2546 8279.53
6195.81 8709.01
4176.95 8718.72
5.8435 8735.2
1015.89 8783.87
7253.48 8784.1
708.241 8807.82
9890.91 8808.63
1686.59 1790.32
8918.04 8839.47
5590.14 8839.52
6709.97 8875.47
10322.1 5362.18
3195.6 8892.68
7966.86 8895.54
4837.96 8900.96
3885.03 8915.2
9613.81 490.984
9561.29 8950.61
1535.56 8954.89
250.909 4426.01
7676.01 9000.46
232.269 9002.63
5281.58 9070.07
9054.76 1517.3
1185.59 9114.02
2129.31 9122.91
2747.48 1158.18
9256.16 9150.47
4126.36 7954.11
7362.19 9161.29
3337.21 9166.85
10415.1 8658.26
3711.46 9191.27
4031.6 4565.43
9017.48 637.65
8226.72 9211.62
4687.76 9212.58
744.947 9232.79
5829.68 9233.66
6830.29 9238.16
2470.29 264.596
6217.67 1176.72
5956.22 5595.78
4503.22 5242.15
8558.6 9166.39
9470.45 785.104
7515.16 4187.05
5942.73 3266.44
6354.36 92.5084
8958.85 5980.05
10201.4 3874.7
9169.07 2918.98
8929.25 5609.8
10190.1 9006.03
5930.93 6297.71
5661.67 5864.69
4457.72 6778.03
3954.2 5540.71
1551.26 3871.16
7463.71 7005.06
5770.39 7066.91
9709 7997.12
2527.55 9016.37
584.492 794.512
8421.34 2350.74
9466.85 6513.86
8223.63 2597.16
6367.63 5950.46
10495.2 7603.58
0.000708478
563
3429.15 9207.28
169.94 14.7321
5021.85 25.9884
9393.73 6600.1
5864.53 2252.57
10001.7 7099.87
1320.63 2265.6
4871.63 3816.88
1470.72 57.2488
4569.07 70.7024
3025.21 112.155
7323.14 129.634
4232.32 155.103
10640 9023.55
8496.23 167.49
9878.68 208.351
8043.8 224.887
3569.45 5250.53
9842.46 2830.22
6898.38 246.297
3799.74 247.057
1397.42 9032.44
6256.65 319.222
4832.63 341.613
9581.32 356.147
2124.02 9064.13
8818.98 1856.06
10748.7 8256.17
6658.18 3073.72
5977.41 6604.69
4268.08 471.417
7.49313 495.097
8444.53 496.378
2708.53 386.274
6642.39 511.255
2335.53 517.73
7285.86 548.335
7608.07 585.542
8663.95 4385.01
9038.1 5350.03
10608.9 615.049
1854.61 643.44
6966.17 660.706
1484.08 667.366
3260.99 585.049
3897.78 712.93
6216.56 752.704
7533.94 8670.99
5795.69 7087.87
8936.06 809.803
2556.52 820.226
5451.28 148.962
3466.35 826.334
10081.5 3933.08
3399.4 47.7762
8211.59 3664.72
7385.14 911.089
3377.54 3873.74
4883.75 945.077
1969.19 969.653
1652.66 996.825
7000.27 1002.05
8377.06 1029.01
5886.48 1074.77
8766.52 1079.45
8957.11 4006.77
266.073 1108.76
10328.6 7363.2
5492.05 570.986
9126.01 1137.3
9993.6 1139.4
2470.52 1163.97
3257.06 1174.14
7448.28 2299.33
10692.5 1186.92
7913.28 9052.86
7519.75 7196.13
4359.89 1124.7
7912.27 1231.68
6228.61 1239.14
7525.41 9124.75
6726.94 7321.94
662.858 2331.38
2068.72 1316.53
10691.2 5938.7
4730.69 1222.36
3004.07 1423.52
9939.66 9174.31
6756.26 1446.49
8171.93 1450.3
8851.18 1458.28
9261.57 1459.88
9615.66 1460.41
207.191 1481.73
3497.95 1499.53
2504.16 1512.39
1663.73 1531.54
1815.46 3416.14
6143.97 1570.43
641.808 1570.55
10315.1 1590.39
7650.66 1596.22
10687.9 1651.28
608.774 7906.17
1215.79 971.938
3396.74 7938.58
8517.58 1739.81
7366.52 1744.84
10095.6 3310.55
4964.27 1755.46
2755.75 1761.86
902.747 8134.18
6997.39 1792.66
8208.3 1821.64
178.477 1843.35
9132.7 1844.97
3423.73 1863.36
69.9774 9226.95
5744.68 9191.1
4000.03 1349.21
5928.01 1897.25
10392.4 1911.61
821.903 1915.28
7762.62 6603.89
51.8004 7780.83
7575.7 1984.97
2704.03 8960.57
8269.62 9239.45
3697.25 2023.37
10691.9 2033.49
1876.25 2043.52
10104.3 2054.76
6803.09 2080.31
3491.27 361.05
5152.02 2156.92
4469.44 2165.53
1112.06 4560.73
9737.92 838.387
4832.45 2234.79
1313.01 409.408
9536.45 2235.77
2086.99 128.683
8561.75 9123.37
1244.79 6369.64
59.5566 2302.47
6180.87 2336.64
9631.45 1829.12
4351.73 3979.27
8127.1 2262.51
5389.04 2403.02
8983.71 9169.08
5703.42 4645.54
10263.9 2480.58
4549.01 2504.67
5862.49 123.839
9725.17 2525.13
7228.89 4696.4
9238.59 2599.95
994.661 2607.74
8118.81 2616.96
218.904 2631.27
5416.57 7111.82
7784.36 2696.86
5332.74 9099.05
10468.5 2763.85
5980.9 8991.83
6384.27 2778.28
5557.47 2121.98
4141.56 2235.61
4752.32 2826.72
10292.7 4232.44
7424.06 2856.31
7730 87.7326
10193 2906.34
10758.3 2943.59
8284.67 2961.97
5251.02 2976.57
966.16 3808.8
1046.03 3028
7132.47 3032.14
7898.25 3036.7
6201.41 3101.92
1932.22 3111.71
10474 3114.64
2940.74 3133.56
6479.4 1988.01
7991.71 7177.21
5730.17 1627.74
9601.26 3171.9
656.619 3014.8
1408.3 3186.06
2757.44 6066.38
9230.02 3190.15
8679.27 3191.15
5043.45 3208.53
6872.97 9217.37
342.387 6469.17
1047.74 1383.7
2729.69 5597.35
1020.29 4137.04
6271.46 4177.79
556.419 4139.21
990.857 3347.1
7313.65 4340.52
2378.52 8197.26
8532.8 1316.31
4886.93 3474.22
5299.47 3490.71
2508.49 127.677
5432.75 949.18
3205.39 3521.04
126.704 3361.31
328.105 721.024
8926.38 3546.3
9422.27 3550.19
8602.33 3576.18
5818.04 5743.49
10212.4 3610.63
9453.89 1079.08
6069.96 3717.18
7209.51 7316.47
4401.03 3385.89
3704.36 3784.04
5270.91 3803.07
5695.01 3807.69
10641.5 5619.08
1255.53 2778.67
916.723 345.027
2209.05 3853.13
1709.88 8960
9235.55 3858.39
10028.4 7530.81
7113.71 2607.36
8981.15 4510.82
8605.63 3888.58
8428.23 2570.25
2207.5 3359.31
10765.8 3994.39
5948.83 4004.6
23.0715 3677.77
8811.52 2473.6
9519.06 4032.48
5479.5 4035.86
5342.34 1897.64
1857.73 4087.19
2439.55 4094.51
5158.86 2658.77
3709.5 4136.96
3768.71 3305.23
10765 3257.27
9658.35 7328.06
8406.64 4214.3
7221.57 1310.44
5009.86 4258.87
7641.26 4264.98
8073.69 4272.84
4559.95 684.433
9232.2 4299.25
1310.15 4300.05
6791.19 2529.27
4643.73 4312.32
333.963 4357.2
10704.3 4380.89
1665.91 4420.14
2172.35 4439.65
2861.27 4442.68
3735.43 4446.54
9859.58 4447.55
5958.86 4464.04
5387.9 4473.19
9486.85 4474.18
3225.98 4533.66
9949.66 1608.74
6341 4486.4
4141.64 4546.96
679.061 4552.43
6396.45 7358.44
4468.45 9053.39
10379 4580.01
6917.32 4589.59
2566 4593.06
96.0391 3035.44
4921.51 4607.62
2425.65 9161.16
4581.74 4633.35
3539.21 8434.42
5213.04 4738.25
94.1052 4749.42
2006.4 4765.02
3017.15 5485.77
5993.35 4800.73
10707.6 4812.4
8889.96 4813.66
491.668 3372.43
669.474 65.3932
3741.14 4845.45
8873.61 6310.7
575.179 1264.06
9270.31 4890.57
9006.09 2855.11
4390.73 4902.61
4822.26 4904.61
994.994 4928.32
4217.74 3089.39
2773.39 4967.93
3416.96 4264.55
4700 3217.54
4043 5036.42
4141.27 3558.23
9367.93 56.4159
7342.36 5060.41
5674.09 2874.12
8657.65 5109.04
158.385 5112.65
1479.58 4030.83
8107.05 5195.76
379.892 3846.64
7202.89 9093.41
1725.7 3745.36
10291.2 5218.04
5414.07 5240.27
6933.92 5068.87
1459.06 5267.28
9370.63 5282.33
712.806 5088.88
10630.9 5293.04
4022.64 4161.94
2878.84 4029.32
5867.65 5295.82
4291.36 5333.68
6524.62 3978.49
9832.54 4969.37
1007.7 5398.59
1958.08 7980.45
8120.96 758.764
6329.98 5124.04
7120.61 5457.98
5056.59 1211.3
642.238 495.396
1355.55 4933.13
2347.79 5572.25
9952.43 8010.21
5488.81 5580.94
8205.68 5590.47
6701.26 5595.21
3006.05 9233.83
1837.33 5236
8604.41 5632.4
2277.75 1966.88
3786.18 5642.87
629.432 5689.7
3090.99 5130.86
1145 5727.08
5414.33 1421.37
2031.45 5747.88
8985.35 5753.03
7861.58 5778.39
4196.5 5784.86
5232.86 5793.24
226.022 5797.6
1723.76 5842.52
6615.21 4853.94
6234.62 5616.71
6086.51 5929.83
6902.53 5932.46
8287.08 5939.93
7479.62 5955.96
1362.63 5959.99
7797.46 2377.42
2226.87 5989.37
6516.89 5993.02
492.474 9029.87
8679.03 5997.28
10173 6005.16
974.438 6009.03
3617.64 6055.31
424.16 2114.68
78.8712 6079.77
4063.51 1736.67
8019.9 6119.05
1873.69 6125.75
5385.75 6139.71
3075.3 6139.98
4382.52 1861.13
8266.19 4798.57
9198.74 6230.97
8439.92 6245.69
6286.5 6249.34
10365 1268.88
6724.34 6267.78
5848.48 6269.66
5051.93 6084.04
9956.26 6295.77
7065.38 6302.81
9532.42 5729.89
10405.5 6356.15
4246.16 6377.16
5183.22 6384.61
5731.97 3463.68
9876.38 5332.11
21.2241 6440.5
669.728 6448.11
6509.7 6498.25
494.737 5402.07
8322.84 6566.79
6880.98 6589.96
368.867 284.572
4913.24 6597.66
7717.06 937.444
5583.4 6604.07
4042.55 6629.99
10109 746.427
10729.7 6638.14
8646.99 6664.84
10083.8 6677.18
3277.76 5712.7
1071.77 6703.13
9758.84 6720.76
8073.96 6758.96
8.88138 6764.11
9140.99 6795.07
410.511 6895.02
7704.99 6923.06
5224.6 6750.67
4148.36 6937.84
9520.41 6942.56
6677.51 6943.61
8617.82 6973.09
10443.7 6974.98
791.047 6979.19
6144.18 6990.05
10768.3 7000.56
6996.36 7044.52
4903.58 7044.61
2897.61 3682.69
3878.67 1049.47
4404.57 7117.96
2922.93 832.462
2843.38 1141.2
8342.7 7154.69
9283.21 7180.27
2763.22 7192.32
2642.33 3427.44
8915.35 7268.43
321.564 7276.05
1997.41 7279.51
3790.81 7285.05
1371.66 1891.85
8526.94 2079.33
10315 4891
1643.97 7349.65
3191.96 7364.56
772.808 7367.67
7374.23 6760.38
2419.75 7414.22
8491.91 7430.12
4431.14 7438.45
713.218 817.442
5969.25 7447.75
5608.13 7449.6
5508.26 3187.81
2180.03 5062.74
10601.2 7524.13
1481.24 5633.56
9089.19 7550.65
5039.31 7553.03
4113.7 7565.2
310.856 7585.42
4725.65 7614.16
3756.68 7632.65
7691.28 5441.36
7484.89 7661.59
2682.07 7684.88
8229.79 7691.09
7716.56 4797.15
7165.96 7705.69
926.336 7734.67
9711.34 7750.58
9251.13 677.045
6071.52 7807.63
8524.16 7815.44
6487.58 7823.39
9776.9 3755.72
6823.84 7845.84
10254.8 7846.89
9627.59 6025.28
5596.57 7867.61
2363.14 7870.02
2965 7890.55
8879.34 7892.58
9401.65 7600.3
9440.92 7933.67
1308.75 3589.55
5179.12 573.521
1335.61 7638.06
4232.29 2630.95
3842.97 8065.8
4425.25 8075.71
7366.21 8083.38
1359.6 8085.88
5013.82 8089.12
6014.05 2808.83
7940.96 8088.69
6507.79 8138.53
10223.2 8158.85
2585.39 3765.65
6893.87 8176.25
8474.04 8189.55
2747.2 8193.12
9053.33 294.316
5384.07 8235.02
99.2256 8264.84
5957.25 8279.05
448.691 8293.54
75.354 4036.59
1999.03 8312.76
4695.59 6173.86
3209.58 8338.97
1215.18 8366.31
9583.04 8366.88
6432.93 3589.81
1627.76 8407.27
6295.39 8410.83
8147.22 8413.08
4915.83 8417.13
7737.85 8427.05
4383.86 8467.82
734.362 8479.01
6950.61 8495.44
5556.6 8498.26
8889.23 8527.15
6634.98 8536.61
3845.23 8549.68
2870.5 8553.8
10150.1 8570.44
5881.74 8604.03
9186.81 8612.52
5781.92 450.176
1891.13 8639.8
1334.9 8669.68
2304.36 8671.35
5172.75 8683.12
10516.1 8683.61
361.013 8702.07
6195.81 8709.01
10559.1 3669.92
3174.64 8728.51
5.8435 8735.2
8546.46 8751.74
1015.89 8783.87
7080.16 8804.45
708.241 8807.82
10387.1 168.762
3500.88 8823.99
8918.04 8839.47
5590.14 8839.52
6709.97 8875.47
4875.15 5381.13
4837.96 8900.96
3885.03 8915.2
10289.6 8916.08
9985.22 5731.72
9561.29 8950.61
0.000708866
560
9800.2 8913.9
4892.93 1.6023
2354.23 6.0829
6592.75 14.7518
6190.17 18.4068
9531.44 9148.74
2700.42 32.1445
9550.77 34.4867
4778.24 4882.44
4569.07 70.7024
3856.95 75.6309
3025.21 112.155
7163.26 141.828
8396.97 1410.57
10751.9 166.462
8059.81 1030.3
8857.13 183.027
396.143 206.819
5726.85 217.022
8043.8 224.887
10259 226.325
828.392 9187.28
2204.84 300.579
7658.46 8787.17
86.9044 367.897
7709.49 9156.85
708.084 420.866
7294.28 426.755
4486.74 3255.71
10482.6 439.639
5078.46 455.073
2273.2 5001.02
2773.99 503.495
1061.16 540.315
10776.6 552.545
3175.57 562.139
7608.07 585.542
1453.84 590.302
1854.61 643.44
9220.22 352.484
9897.44 656.875
9183.31 8287.05
5000.47 877.328
4775.56 2123.36
9423.6 746.363
3723.84 1029.33
7882.13 764.791
6917.8 357.882
4002 789.719
6439.89 903.667
5939.02 5923.78
1694.08 7199.44
10178.8 827.362
5209.96 4624.26
5508.88 918.337
7441.19 944.614
1328.32 946.41
1652.66 996.825
5739.78 2370.4
10412.9 4622.14
6472.45 4913.12
5886.48 1074.77
8039.62 4293.51
10206.2 4388.1
873.719 1110.02
9601 1118.5
7727.98 1122.84
6677.96 1133.42
5378.51 191.652
125.502 37.4584
9993.6 1139.4
5249.97 1180.83
4221.9 1185.82
9261.53 3254.72
4555.78 1198.5
6427.73 342.238
6237.01 1239.72
5324.53 9001.85
312.538 1266.37
7466.18 1285.97
7123.97 1305.17
8708.74 1694.42
8023.47 1351.11
304.901 866.39
4905.85 1399.36
3004.07 1423.52
1114.7 1437.13
6756.26 1446.49
9110.42 9110.13
940.363 191.403
7058.21 5272.92
9878.38 4560.27
4521.99 1517.21
6075.34 8999.97
4042.91 1558.36
6143.97 1570.43
641.808 1570.55
5597.93 1582.51
3380.9 3722.85
330.423 5440.48
2455.67 9199.72
7986.35 9017.94
1990.2 1689.02
4043.2 2760.05
6436.51 1752.3
4964.27 1755.46
4689.7 7447.55
2755.75 1761.86
311.044 1762.34
1263.36 1767.6
6997.39 1792.66
4668.29 9227.94
4305.74 3655.19
5534.69 6817.57
2671.38 1105.52
5928.01 1897.25
4120.89 7885.89
821.903 1915.28
2363.1 1938.91
2425.13 1428.03
7575.7 1984.97
3065.03 1985.9
4044.41 2001.79
1528.89 2011.42
4493.44 5899.6
3697.25 2023.37
8656.67 6978.12
3379.26 67.0812
2103.81 9185.74
6803.09 2080.31
35.6281 9212.89
8285.24 3587.83
3514.58 9185.78
6098.25 350.837
7967.58 2188.15
1267.18 2210.42
868.957 2235.59
9536.45 2235.77
59.5566 2302.47
9115.83 2319.54
7387 4928.19
496.72 2326.52
6765.26 8831.53
7677 2349.29
8316.82 4798.45
9905 2397
9598.14 1854.98
8348.9 2411.37
4093.68 2437.09
8756.5 2441.08
4549.01 2504.67
9287.36 2583.73
5999.52 2587.34
994.661 2607.74
8118.81 2616.96
1223.7 8376.63
218.904 2631.27
3540.1 737.008
7784.36 2696.86
5448.86 2712.21
7475.32 2713.19
10447.9 2153.84
10468.5 2763.85
8831.19 2766.48
6384.27 2778.28
707.573 2814.74
6456.77 5827.08
9426.23 2858.77
4661.11 2873.4
4267.64 6230.65
9783.86 2903.03
6696.01 2909.13
10323 1108.33
9288.34 1600.15
5251.02 2976.57
8328.09 591.741
227.971 3011.07
6138.55 3020.63
6921.46 2510.56
5563.72 3084.16
1932.22 3111.71
10474 3114.64
2940.74 3133.56
4961.26 7642.02
509.988 3172.29
4384.73 527.068
158.341 4379.47
10141.1 3028.64
371.234 9237.98
3993.52 3221.24
2.46322 3224.85
891.514 3294.69
2657.53 3297.21
3252.83 3298.11
6658.61 3321.46
4121.4 4340.17
8380.58 2839.65
3762.24 457.837
5608.56 3408.96
5939.65 3414.39
6305.93 3441.16
1900.58 3441.41
5358.84 7653.65
10488.8 3462.5
632.263 3473.79
6345.52 2077.45
217.89 3490.82
1211.1 3507.18
9422.27 3550.19
704.93 6451.73
2821.63 3574.92
8602.33 3576.18
4905.2 2409.23
8367.74 906.031
17.8537 1517.28
7323.5 2351.89
3703.84 3418.88
9842.83 8506.73
1832.08 3773.35
926.992 3801.67
5270.91 3803.07
10509 3811.18
1429.51 3854.55
1294.9 4351.65
4080.64 5431.98
6742.47 9223.95
7383.74 1705.35
2935.3 836.266
4024.16 3954.04
10765.8 3994.39
4322.39 9140.68
9586.8 5035.11
1378.68 266.711
3241.25 994.732
499.877 3862.49
7624.23 97.9583
8605.63 3888.58
9809.19 5981.8
7821.58 1617.06
5948.83 4004.6
4327.77 4018.85
4766.75 4022.96
9069.87 3712.04
176.285 4045.93
1857.73 4087.19
2439.55 4094.51
9619.28 4158.28
8516.56 87.5469
10655.6 8976.43
5775.98 3700.46
8295.74 1714.68
8406.64 4214.3
6613.94 647.447
8121.16 7401.02
3609.32 3943.1
1588.05 1461.1
5688 4288.03
2520.51 4713.06
9002.96 3040.47
7313.76 9230.3
4643.73 4312.32
10704.3 4380.89
9283.16 4010.54
4885.32 3715.05
2861.27 4442.68
3735.43 4446.54
2557.03 761.908
9761.35 8059.41
5958.86 4464.04
9486.85 4474.18
7374.82 6646.07
6604.37 4545.07
1020.5 4546.94
10068.3 2684.94
679.061 4552.43
6288.7 4563.55
9707.83 375.057
6003.3 648.707
6917.32 4589.59
6634.64 5275.27
9657.98 1429.12
2098.81 7309.94
4581.74 4633.35
3288.65 1685.04
94.1052 4749.42
2006.4 4765.02
5648.3 4788.98
5993.35 4800.73
10707.6 4812.4
5072.42 3321.28
10179 3566.14
3709.42 5741.41
3741.14 4845.45
7272.75 4373.01
1601.71 3292.14
9292.34 4928.67
9945.78 3934.82
4390.73 4902.61
8402.29 2053.58
8849.58 5443.84
8590.92 3126.75
7215.01 2052.89
7736.1 4992.77
2940.19 3901.49
2669.47 8568.03
1706.6 5038.18
3568.51 1530.76
4047.17 4761.76
5265.72 5093
8657.65 5109.04
1460.02 5609.26
767.208 5154.29
8107.05 5195.76
5570.81 5206.12
10754.9 2540.14
6238.94 5214.43
8678.9 4450.64
5250.22 4145.73
4167.93 264.477
8903.71 1038.41
9370.63 5282.33
1840.49 7808.75
2055.97 5291.14
10630.9 5293.04
9602.21 7001.23
4669.34 654.082
5867.65 5295.82
6271.47 2434.41
9560.92 8709.14
1756.29 5383.86
7580.01 5400.31
3566.31 5407.4
4559.75 1884.1
1647.8 4511.68
5133.27 5468.23
6135.08 5509.84
9840.07 5571.25
4339.15 2938.81
2741.78 5573.95
5488.81 5580.94
8205.68 5590.47
6701.26 5595.21
2144.67 4351.41
8604.41 5632.4
4787.53 5638.51
10667 968.356
10307.9 5706.49
1145 5727.08
2898.96 5236.32
7261.57 5735.16
3244.7 5747.42
4632.04 5353.61
8985.35 5753.03
7861.58 5778.39
4196.5 5784.86
9553.3 8390.14
226.022 5797.6
2572.73 7780.14
2529.98 5275.8
1710.12 220.045
9228.16 1104.94
6902.53 5932.46
5321 651.596
1474.78 6111.93
1253.56 3201.69
9384.46 5974.65
10301.7 1484.52
5840.17 2851.75
9045.24 4241.05
10173 6005.16
974.438 6009.03
3617.64 6055.31
4969.46 6062.69
78.8712 6079.77
3947.27 6111.33
8019.9 6119.05
10618.4 5797.7
5385.75 6139.71
8906.51 4748.32
4583.44 6218.79
433.54 6221.62
9198.74 6230.97
5527.92 1883.78
6286.5 6249.34
9592.41 6265.71
673.711 7340.05
5848.48 6269.66
7442.36 6287.9
5559.38 6496.12
5643.83 7151.88
10759.7 6303.78
8831.32 6349.51
10405.5 6356.15
365.106 4966.93
5183.22 6384.61
7737.08 6385.04
1057.09 6385.96
8384.48 9174.45
3236.44 4244.43
6509.7 6498.25
342.949 6542.34
6741.15 7474.25
7147.67 2855.03
4472.74 6594.88
4913.24 6597.66
6415.5 9128.95
10155.3 5157.12
4042.55 6629.99
5895.29 6632.8
10729.7 6638.14
8646.99 6664.84
10083.8 6677.18
1222.21 1.3347
1071.77 6703.13
9758.84 6720.76
8073.96 6758.96
8.88138 6764.11
9140.99 6795.07
410.511 6895.02
7704.99 6923.06
4148.36 6937.84
2887.88 7560.04
2273.13 5808.96
6642.14 3974.38
8302.48 5893.78
791.047 6979.19
6144.18 6990.05
10768.3 7000.56
6996.36 7044.52
5172.93 6989.35
5313.53 2137.57
6955.01 846.42
4404.57 7117.96
2158.18 1206.55
7953.61 7137.04
21.6218 7149.87
8342.7 7154.69
9283.21 7180.27
2763.22 7192.32
10195.7 7224.77
8915.35 7268.43
321.564 7276.05
7658.92 7479.59
3790.81 7285.05
7265.91 7290.06
5275.94 7306.64
6443.61 7313.26
3309.79 4568.44
3191.96 7364.56
1391.28 9114.76
2236.41 3634.78
2419.75 7414.22
8491.91 7430.12
2988.49 4864.37
2631.88 5993.28
5969.25 7447.75
4988.44 9237.78
9529.68 7457.53
1110.65 7457.89
6927.84 4976.94
10601.2 7524.13
6333.93 4000.36
9089.19 7550.65
1929.9 5861.92
4113.7 7565.2
310.856 7585.42
1186.61 4810.33
3756.68 7632.65
9292.15 5650.64
2261.42 7679.76
1068.56 4104.74
8229.79 7691.09
3263.06 7700.02
7165.96 7705.69
926.336 7734.67
9711.34 7750.58
1519.78 7796.28
6071.52 7807.63
8524.16 7815.44
6487.58 7823.39
506.312 7845.51
6823.84 7845.84
10254.8 7846.89
126.559 7860.59
5596.57 7867.61
8817.36 2080.27
2965 7890.55
8879.34 7892.58
7860.25 7929.75
9440.92 7933.67
9990.5 7478.95
10695.2 7978.14
1841.84 2019.63
3394.12 8045.96
3842.97 8065.8
4425.25 8075.71
7366.21 8083.38
1359.6 8085.88
5013.82 8089.12
1051.65 8093.61
8165.8 8105.55
6507.79 8138.53
10223.2 8158.85
1254.93 5221.52
6893.87 8176.25
8474.04 8189.55
2747.2 8193.12
2435.62 8200.11
5384.07 8235.02
99.2256 8264.84
7609.16 4555.5
8308.84 6426.01
448.691 8293.54
3604.15 8299.93
1999.03 8312.76
10547.1 8332.06
3209.58 8338.97
10591.9 1745.62
1972.04 946.624
7299 8406.7
1627.76 8407.27
6295.39 8410.83
8147.22 8413.08
4915.83 8417.13
7737.85 8427.05
4383.86 8467.82
734.362 8479.01
10149.7 1815.89
5556.6 8498.26
8889.23 8527.15
6634.98 8536.61
3845.23 8549.68
9789.16 3599.28
10150.1 8570.44
5881.74 8604.03
9186.81 8612.52
4650.03 8627.36
1891.13 8639.8
1334.9 8669.68
2304.36 8671.35
5172.75 8683.12
10516.1 8683.61
361.013 8702.07
6195.81 8709.01
4176.95 8718.72
724.831 5628.29
5.8435 8735.2
8546.46 8751.74
1015.89 8783.87
7080.16 8804.45
708.241 8807.82
3500.88 8823.99
8918.04 8839.47
5590.14 8839.52
6853.29 6497.07
2870.74 8891.83
4837.96 8900.96
3885.03 8915.2
10289.6 8916.08
4774.82 6924.58
0.000709209
559
10757.2 1.3497
6371.44 4.81523
8450.58 3297.24
423.674 9219.2
10122 2051.23
6885.05 6621.84
532.869 49.808
7776.73 1081.23
4569.07 70.7024
4233.32 79.6981
8032.47 111.077
3516.52 9183.28
8775.69 1055.17
5868.31 180.102
10614.9 4772.47
8988.72 3089.94
1182.81 233.966
803.407 234.193
6439.12 2462.58
9544.58 3958.55
6256.65 319.222
4832.63 341.613
9581.32 356.147
9093.23 3476.69
1557.16 400.245
41.3068 6749.34
302.857 402.32
10445.8 406.596
7578.23 5934.16
10677.5 9197.25
41.4581 2178.59
6328.51 7603.9
5872.21 9012.62
5434.16 7780.47
5992.07 514.413
3076.71 517.151
618.583 550.622
5674.65 553.879
97.0591 4742.26
7608.07 585.542
1259.75 596.959
10698.3 626.703
3408.19 633.087
5011.75 636.577
9485.09 779.697
2937.35 1501.4
9005.46 730.604
6216.56 752.704
7882.13 764.791
4423.61 800.476
9805.43 2035.5
2175.64 685.156
8871.17 3711.36
6571.53 841.9
1441.13 857.892
1017.82 858.779
10087.7 860.266
8105.81 1226.54
5508.88 918.337
10420.9 941.396
4883.75 945.077
8129.06 3009.01
3431.15 957.644
5883.07 5952.98
2579.97 764.193
2367.99 6033.13
7902.63 9156.33
3116.47 9081.71
2777.99 1066.1
5886.48 1074.77
9482.54 1792.17
266.073 1108.76
3112.4 1111.04
4613.27 1113.62
1200.55 1128.5
1726.68 1140.46
9126.01 1137.3
4594.9 9202.73
6157.75 2325.23
8992.75 6491.18
6228.61 1239.14
5405.1 1253.55
7123.97 1305.17
2068.72 1316.53
9428.09 8953.68
3968.52 9214.11
4664.84 1947.95
10455 1368.68
1375.84 1391.94
4655.5 1438.31
9293.47 9233.51
8851.18 1458.28
9255.41 423.254
10123.8 1481.59
3497.95 1499.53
4785.37 7575.59
2504.16 1512.39
392.382 1779.08
7531.27 8757.09
10670.3 3851.23
5597.93 1582.51
7319.71 308.035
3970.72 5336.22
2112.36 1659.27
8517.58 1739.81
7357.99 4420.94
6436.51 1752.3
1135.52 9151.49
2721.19 6145.51
2755.75 1761.86
6997.39 1792.66
8208.3 1821.64
2138.99 125.701
9132.7 1844.97
3540.11 1875.25
6171.04 5077.05
98.1168 55.3621
2363.1 1938.91
5765.22 1945.43
5453.57 1972.17
7575.7 1984.97
8731.67 4154.73
2357.92 9041.25
3251.81 2007.43
4795.04 7027.3
934.41 2494.51
10697 2075.65
6803.09 2080.31
5261.93 2301.1
1028.95 3993.61
5106.28 7774.07
7967.58 2188.15
3696.57 7239.5
4832.45 2234.79
8391.9 9133.11
1462.5 2033.89
7334.87 2265.02
5096.82 1604.74
4058.8 2307.33
8400.77 2340.52
431.49 2348.95
10602.9 2375.46
1113.54 6889.13
5724.97 2464.42
9225.41 2477.63
6751.55 2501.14
4549.01 2504.67
10490.4 4428.48
1.18532 1744.84
8118.81 2616.96
6105.86 2630.61
5154.43 110.804
7128.56 2655.18
4267.57 5678.06
4052.25 2705.12
5448.86 2712.21
7700.42 2717.9
563.824 2754.42
10468.5 2763.85
8831.19 2766.48
6384.27 2778.28
8433.68 2789.49
9389.97 2796.71
7424.06 2856.31
3808.54 8708.29
6850.4 2905.17
10193 2906.34
5828.83 2917.72
8690.04 695.448
10758.3 2943.59
1011.69 2966.39
1941.03 5411.54
4102.16 3019.27
4581.73 3020.82
8557.41 294.792
3827.5 3442.54
500.007 3068.21
6201.41 3101.92
10474 3114.64
7176.63 6729.68
6221.24 9171.9
3208.68 3171.04
8336.42 862.604
96.3714 3176.32
799.338 9145.56
1408.3 3186.06
71.9445 2617.02
1748.69 3855.95
8758.97 1985.96
4324.01 3240.51
891.514 3294.69
2792.05 9194.08
9810.74 9220.97
5608.56 3408.96
5939.65 3414.39
6291.64 3431.68
1900.58 3441.41
7093.17 9120.31
632.263 3473.79
4886.93 3474.22
5299.47 3490.71
9903.26 1742.66
5681.61 4602.02
3205.39 3521.04
1433.51 3529.71
10029.1 8.79237
9422.27 3550.19
9739.84 3550.47
1087.9 3571.35
1526.97 9135.45
2919.86 5862.36
8558.15 3629.05
2479.65 3658.53
6069.96 3717.18
198.629 3724.97
3814.84 1229.76
2918.02 3774.84
2009.01 9176.74
3504.12 3821.44
8305.51 3840.81
4041.93 3848
2209.05 3853.13
1429.51 3854.55
9235.55 3858.39
5367.79 426.192
6483.95 3885.7
7131.78 8772.05
423.865 3992
5913.38 1606.77
8438.77 1392.34
3317.21 4576.34
0.679564 4024.9
2429.62 3329.34
5218.17 4053.66
2439.55 4094.51
8821.48 5166.15
2822.72 4125.16
3709.5 4136.96
10184 4153.58
3369.4 4170.18
6229.98 4180.63
6681.08 4208.66
9947.29 577.916
4246.29 4222.65
7053.16 4240.91
8388.34 5855.78
5353.07 9099.52
3203.59 7346.42
1998.67 4273.25
9712.62 3138.19
3960.73 1582.09
1310.15 4300.05
4643.73 4312.32
9321.54 1386.01
4816.68 3875.88
1665.91 4420.14
4997.39 4447.7
8830.77 4448.8
233.789 4449.98
8101.44 8798.95
5958.86 4464.04
7095.1 760.986
6604.37 4545.07
559.026 4558.46
5579.7 3776.53
2702.45 4574.96
8193.19 4586.71
9956.45 4586.88
10776.8 1362.23
4499.7 5902.95
1218.75 4615.74
7717.01 4484.71
4581.74 4633.35
1590.75 4728.53
1872.24 456.073
10267.8 4859.91
9772.34 1188.47
2061.07 5741.63
5993.35 4800.73
9276.85 4396.89
8475.51 4832.3
8977.48 4839.26
4387.66 2773.04
3121.03 4852.54
7201.95 4773.27
373.324 4883.23
570.2 1258.9
4390.73 4902.61
4822.26 4904.61
2041.75 4915.37
8343.98 28.7354
994.994 4928.32
1329.31 4949.81
1710.46 1801.6
5269.99 4999.6
9217.19 5034.94
4043 5036.42
1706.6 5038.18
3420.65 5057.87
7342.36 5060.41
9529.2 5090.29
4960.82 8924.47
158.385 5112.65
767.208 5154.29
10319 5178.89
9959.34 5185.13
463.093 5209.39
4131.55 687.744
6692.68 5240.49
5954.31 7513.56
4138.11 1082.47
10630.9 5293.04
3031.88 5293.22
4779.33 5295.48
5487.76 3021.64
1479.51 5301.89
685.58 861.907
4291.36 5333.68
4991 1913.32
8429.23 5363.07
7580.01 5400.31
3566.31 5407.4
1081.51 5424.92
121.058 5446.68
10354.2 9109.27
7120.61 5457.98
6690.59 1353.85
8272 560.148
10772.9 3314.44
1769.44 89.1851
9954.38 3944.08
3074.35 79.7096
51.094 753.393
4863.37 2817.95
3233.01 8346.53
5867.74 5207.82
6135.08 5509.84
9856.14 4880.48
2347.79 5572.25
2419.06 1043.6
8205.68 5590.47
6701.26 5595.21
9412.07 5607.59
1504.45 5624.85
8604.41 5632.4
4787.53 5638.51
3786.18 5642.87
629.432 5689.7
6619.32 3592.94
1145 5727.08
844.747 1795.17
7261.57 5735.16
3244.7 5747.42
10139.1 2398.3
8985.35 5753.03
7861.58 5778.39
2717.58 5480.57
226.022 5797.6
1723.76 5842.52
3941 4553.57
10774.4 5898.91
6902.53 5932.46
1443.28 54.6113
10380 3521.6
1362.63 5959.99
9384.46 5974.65
6350.67 4754.01
6516.89 5993.02
5498.41 5740.85
8679.03 5997.28
2397.05 4900.64
974.438 6009.03
3617.64 6055.31
4969.46 6062.69
78.8712 6079.77
3947.27 6111.33
8019.9 6119.05
1873.69 6125.75
5385.75 6139.71
3075.3 6139.98
4583.44 6218.79
433.54 6221.62
9198.74 6230.97
8439.92 6245.69
6286.5 6249.34
9592.41 6265.71
6724.34 6267.78
5848.48 6269.66
7442.36 6287.9
9956.26 6295.77
7065.38 6302.81
6105.52 1885.76
4337.03 2003.48
10405.5 6356.15
4246.16 6377.16
5183.22 6384.61
9612.85 2284.14
1057.09 6385.96
21.2241 6440.5
669.728 6448.11
6509.7 6498.25
342.949 6542.34
8322.84 6566.79
9114.4 102.166
4472.74 6594.88
4913.24 6597.66
6.57148 1307.22
5583.4 6604.07
4042.55 6629.99
5895.29 6632.8
10729.7 6638.14
8646.99 6664.84
10083.8 6677.18
5268.86 6694.7
4415.98 3753.5
9758.84 6720.76
8073.96 6758.96
6502.87 531.391
9140.99 6795.07
410.511 6895.02
7704.99 6923.06
1377.98 1725.16
4148.36 6937.84
9520.41 6942.56
6677.51 6943.61
8617.82 6973.09
10443.7 6974.98
791.047 6979.19
6144.18 6990.05
10768.3 7000.56
6996.36 7044.52
788.744 4221.43
5535.58 7046.39
9840.08 7052.6
3752.26 656.38
1317.94 7127.79
7953.61 7137.04
21.6218 7149.87
4431.45 440.913
9283.21 7180.27
2763.22 7192.32
10195.7 7224.77
8915.35 7268.43
321.564 7276.05
7502.53 9120.2
8104.54 5038.52
7265.91 7290.06
5275.94 7306.64
6443.61 7313.26
1643.97 7349.65
5196.33 2912.41
772.808 7367.67
7760.15 7395.56
2419.75 7414.22
5530.25 5256.36
7325.19 1615.8
9862.48 7444.04
9597.68 4561.38
5608.13 7449.6
9529.68 7457.53
1110.65 7457.89
6779.64 7523.69
10601.2 7524.13
10280.3 7532.61
9089.19 7550.65
8991.53 2190.45
7695.02 14.8765
310.856 7585.42
6957.28 293.813
3756.68 7632.65
1830.3 7635.47
7484.89 7661.59
2682.07 7684.88
8229.79 7691.09
3263.06 7700.02
7165.96 7705.69
926.336 7734.67
2210.42 7808.26
1519.78 7796.28
6071.52 7807.63
8524.16 7815.44
5470.68 4348.04
506.312 7845.51
6823.84 7845.84
10254.8 7846.89
126.559 7860.59
8741.96 9208.71
3598.03 132.66
2965 7890.55
8879.34 7892.58
4117.51 7246.61
9440.92 7933.67
1870.32 7966.08
10695.2 7978.14
9927.86 8017.98
3394.12 8045.96
3842.97 8065.8
10076.4 3596.16
7366.21 8083.38
1359.6 8085.88
5013.82 8089.12
1051.65 8093.61
7702.03 1509.95
6507.79 8138.53
10223.2 8158.85
9057.79 8162.62
6893.87 8176.25
8474.04 8189.55
2747.2 8193.12
2435.62 8200.11
5384.07 8235.02
99.2256 8264.84
5957.25 8279.05
4160.17 7555.24
448.691 8293.54
3604.15 8299.93
1999.03 8312.76
10547.1 8332.06
9963.11 5769.86
8478.18 7281.35
9583.04 8366.88
7299 8406.7
1627.76 8407.27
6295.39 8410.83
8147.22 8413.08
4915.83 8417.13
7737.85 8427.05
4383.86 8467.82
6732.16 3251.41
4380.03 1620.29
2531.57 243.77
8889.23 8527.15
6634.98 8536.61
7751.93 8053.2
2870.5 8553.8
10150.1 8570.44
5881.74 8604.03
9186.81 8612.52
4650.03 8627.36
1891.13 8639.8
1334.9 8669.68
2304.36 8671.35
4497.77 7842.27
10516.1 8683.61
361.013 8702.07
6195.81 8709.01
4176.95 8718.72
3174.64 8728.51
5.8435 8735.2
8546.46 8751.74
1015.89 8783.87
8188.75 4175.62
10413.6 5966.27
9890.91 8808.63
3500.88 8823.99
8918.04 8839.47
5590.14 8839.52
6709.97 8875.47
1022.09 2066.68
0.000712109
570
6970.07 0.594084
2634.24 2.73018
3403.46 3.46419
8752.35 7.87858
7430.55 10.973
9897.48 11.432
9397.17 24.7934
6387.91 33.3646
9068.17 41.5743
10758.5 52.7256
5426.07 53.2699
4569.07 70.7024
983.202 71.1195
4154.52 111.686
8432.87 113.896
589.939 129.881
2943.95 132.064
3686.71 143.103
245.079 151.935
5986.84 152.398
2365.23 193.636
10181.1 222.12
8043.8 224.887
9630.85 237.29
7712.66 247.925
1531.77 248.478
3225.79 267.37
7212.25 268.698
5210.54 276.66
4825.44 300.741
1972.77 312.079
6256.65 319.222
6873.34 333.712
9285.7 371.753
8924.27 401.21
2739.97 405.955
10558.5 412.279
3505.75 433.809
410.39 444.48
4385.81 461.225
9695.11 538.686
8606.24 541.485
5696.49 547.478
865.668 581.607
1616.35 586.963
7984.25 594.477
1259.75 596.959
5146.23 619.354
7421.42 622.577
6966.17 660.706
6602.24 661.953
10342.2 682.718
3897.78 712.93
8993.81 720.005
3020.14 727.832
4646.76 763.764
9445.9 793.505
2717.65 794.377
10778.3 800.735
5463.26 844.867
1017.82 858.779
1841.76 864.835
2327.24 873.459
1514.09 883.704
160.73 903.755
8611.39 906.223
8169.21 916.06
4111.56 950.644
6137.79 958.132
7516.91 965.984
5820.53 998.649
7000.27 1002.05
3584.41 1012.53
10363.7 1037.91
5034.14 1065.76
414.043 1086.28
9637.59 1109.27
4632.94 1129.89
6677.96 1133.42
9126.01 1137.3
9993.6 1139.4
3171.73 1147.83
1939.92 1177.94
3856.65 1199.62
8805.44 1215.87
7912.27 1231.68
7313.97 1246.85
2784.84 1252.84
2460.73 1264.27
5377.38 1273.69
16.911 1291.69
10684.3 1310.36
1420.42 1317.05
6428.99 1320.09
5857.98 1331.75
8495.28 1352.45
924.878 1375
4798.46 1397.14
9824.71 1397.57
4318.94 1440.14
422.445 1452.44
7680.17 1455.96
9429.69 1461.67
6706.97 1492.89
3497.95 1499.53
3887.03 1521.77
1663.73 1531.54
2924 1543.54
6143.97 1570.43
5597.93 1582.51
8943.35 1588.17
10585.3 1605.43
10129.7 1619.53
2529.62 1660.45
8124.66 1665.01
7209.38 1677.82
1299.16 1680.25
1990.2 1689.02
76.5518 1702.28
4981.29 1755.48
3284.25 1759.91
9550.92 1784.9
3620.64 1796.83
4599.11 1803.24
4018.61 1806.44
6925.46 1824.3
6529.94 1827.54
9898.01 1851.89
8495.55 1856.27
7602.75 1886.63
5499.92 1891.79
5928.01 1897.25
821.903 1915.28
8823.75 1947.51
10297.9 1948.67
2989.32 1950.53
352.211 1959.04
2409.25 1967.33
9196.29 1985.64
1876.25 2043.52
8116 2075.52
10669.5 2139.01
7116.99 2156.11
5152.02 2156.92
6403.13 2161.41
9509.29 2165.3
4469.44 2165.53
1278.16 2175.24
7816.41 2177.59
9839.39 2201.03
4832.45 2234.79
6013.44 2255.79
964.357 2279.15
522.524 2283.89
8974.18 2290.74
174.518 2292.02
6746.75 2310.6
10219.8 2315.64
8233.54 2385.82
4260.73 2394.14
7030.06 2461.52
5703.1 2475.71
7477.98 2486.6
8639.16 2494.15
10766.9 2497.37
1239.57 2501.86
4549.01 2504.67
9725.17 2525.13
9396.05 2543.27
826.803 2560.44
5079.21 2595.88
6003.1 2614.03
218.904 2631.27
4137.18 2695.66
5448.86 2712.21
7700.42 2717.9
6800.78 2719.47
10198.6 2746.18
563.824 2754.42
8831.19 2766.48
6384.27 2778.28
8433.68 2789.49
7424.06 2856.31
9561.77 2911.16
5828.83 2917.72
8141.25 2940.41
1011.69 2966.39
9077.81 3011.68
4102.16 3019.27
4581.73 3020.82
7132.47 3032.14
10292.9 3066.91
10703.2 3080.32
6201.41 3101.92
5023.4 3164.15
3208.68 3171.04
8468.08 3173.8
96.3714 3176.32
9988.57 3181.14
1408.3 3186.06
6704.75 3186.34
3654.05 3187.35
5497.38 3199.24
8850.42 3229.77
484.924 3240.27
4324.01 3240.51
9599.75 3265.11
891.514 3294.69
10480.1 3323.44
3943.72 3326.75
2834.08 3368.29
5939.65 3414.39
6291.64 3431.68
1900.58 3441.41
8247.07 3454.53
4900.02 3490.03
5299.47 3490.71
6675.22 3494.73
9102.86 3501.94
2458.11 3515.62
240.209 3518.17
1433.51 3529.71
3631.83 3538.17
10701.5 3541.99
4199.55 3544.22
9422.27 3550.19
9739.84 3550.47
1087.9 3571.35
10230.7 3628.84
8558.15 3629.05
4511.42 3676.92
2869.58 3713.32
6068.3 3744.72
3315.63 3744.75
518.317 3781.51
3999.58 3793.93
5695.01 3807.69
9949.37 3839.34
2209.05 3853.13
1429.51 3854.55
9235.55 3858.39
4864.31 3873.67
6483.95 3885.7
982.609 3916.95
10436.4 3950.06
1707.1 3992.18
10765.8 3994.39
8335.21 3997.42
4560.52 4006.75
0.679564 4024.9
9519.06 4032.48
4190.73 4036.06
5218.17 4053.66
362.835 4085.99
8901.36 4104.45
2822.72 4125.16
3709.5 4136.96
3369.4 4170.18
6229.98 4180.63
6681.08 4208.66
7053.16 4240.91
1960.91 4244.26
7641.26 4264.98
5688 4288.03
2267.85 4296.14
9232.2 4299.25
1310.15 4300.05
4643.73 4312.32
825.644 4373.85
9713.09 4382.65
10137.1 4385.03
292.69 4391.77
1665.91 4420.14
3090.67 4440.91
4997.39 4447.7
3692.45 4457.33
5958.86 4464.04
5387.9 4473.19
4275.15 4482.8
8567.78 4508.82
559.026 4558.46
6288.7 4563.55
6857.39 4566.42
2562.15 4574.21
3973.16 4591.66
3362.28 4606.82
1226.23 4613.98
7814.04 4622.61
10635.1 4632.14
4581.74 4633.35
8864.5 4655.27
1944.41 4664.96
5638.46 4699.74
7491.88 4733.29
94.1052 4749.42
9520.55 4791.3
9900.49 4835.5
2816.87 4841.13
3741.14 4845.45
373.324 4883.23
6830.64 4895.29
4390.73 4902.61
4822.26 4904.61
5870.11 4914.26
994.994 4928.32
1329.31 4949.81
2138.36 4957.01
6456.14 4967.81
3284.54 4991.26
5269.99 4999.6
9217.19 5034.94
4043 5036.42
1706.6 5038.18
8186.54 5055.46
7342.36 5060.41
6146.69 5081.65
7671.65 5100.52
8657.65 5109.04
47.0348 5142.71
767.208 5154.29
9560.88 5169.72
9959.34 5185.13
463.093 5209.39
6692.68 5240.49
3549.24 5262.69
2114.93 5266.31
2492.61 5284.27
10630.9 5293.04
3031.88 5293.22
4779.33 5295.48
5867.65 5295.82
5393.38 5308.53
8056.6 5337.53
8429.23 5363.07
7495.21 5385.39
10258.9 5396.33
1449.16 5415.35
962.086 5448.78
9356.02 5452.59
7120.61 5457.98
1858.88 5472.75
241.892 5475.97
4458.03 5502.63
8799.77 5504
5088.71 5513.41
4145.3 5550.86
2347.79 5572.25
2741.78 5573.95
6701.26 5595.21
9732.51 5596.62
3396.01 5597.19
7907.6 5631.35
4787.53 5638.51
3786.18 5642.87
6158.04 5685.03
629.432 5689.7
10307.9 5706.49
1145 5727.08
7261.57 5735.16
2031.45 5747.88
5723.2 5788.87
5232.86 5793.24
226.022 5797.6
1723.76 5842.52
7629.93 5886.4
10774.4 5898.91
8905.36 5931.18
8287.08 5939.93
9384.46 5974.65
2646.84 5981.47
6948.44 5990.37
974.438 6009.03
665.6 6009.14
6515.14 6041.01
3960.55 6041.82
9767.89 6042.77
2332.87 6047.36
4969.46 6062.69
78.8712 6079.77
3399.59 6085.1
8019.9 6119.05
5389.38 6123.71
5846.18 6123.85
1873.69 6125.75
4662.71 6139.2
3075.3 6139.98
1299.57 6147.91
8631.1 6156.44
10308.2 6211.52
433.54 6221.62
9198.74 6230.97
6750.45 6251.24
7442.36 6287.9
9956.26 6295.77
7065.38 6302.81
10759.7 6303.78
4246.16 6377.16
1008.81 6379.39
5193.83 6429.54
21.2241 6440.5
6302.44 6472.17
649.784 6488.78
5598.05 6533.54
9681.25 6537.64
8322.84 6566.79
7948.01 6576.13
6880.98 6589.96
8698.22 6620.6
4042.55 6629.99
5895.29 6632.8
10729.7 6638.14
4814.6 6639.83
10083.8 6677.18
4389.95 6681.49
9327.09 6688.82
1071.77 6703.13
6276.85 6789.7
8964.62 6791.19
5142.9 6820.65
614.105 6867.65
9622.55 6880.02
6628.42 6912.4
7704.99 6923.06
7304 6936.13
4148.36 6937.84
1304.82 6956.24
8617.82 6973.09
10443.7 6974.98
6996.36 7044.52
4903.58 7044.61
5993.87 7070.1
4451.46 7087.85
8041.31 7094.13
21.6218 7149.87
2763.22 7192.32
10221.6 7204.28
8915.35 7268.43
321.564 7276.05
8377.7 7282.41
3790.81 7285.05
7265.91 7290.06
5275.94 7306.64
7638.42 7313.17
686.597 7339.68
1643.97 7349.65
9851.74 7380.01
6642.79 7410.61
2419.75 7414.22
4431.14 7438.45
9529.68 7457.53
1110.65 7457.89
6255.95 7502.1
5807.08 7512.25
10601.2 7524.13
7871.12 7549.32
4916.61 7549.45
4113.7 7565.2
3756.68 7632.65
1830.3 7635.47
2197.11 7635.48
8220.22 7646.2
816.595 7647.48
7484.89 7661.59
2919.97 7696.65
9323.95 7696.96
3263.06 7700.02
7165.96 7705.69
8687.74 7741.29
9711.34 7750.58
5204.05 7758.26
22.2227 7765.5
1519.78 7796.28
5916.52 7831.94
506.312 7845.51
6823.84 7845.84
10254.8 7846.89
5596.57 7867.61
2580.37 7876.87
1870.32 7966.08
3606.75 7976.77
10695.2 7978.14
4157.12 7979.07
4650.28 7989.19
6185.31 8037.55
7705.85 8052.69
9415.85 8075.06
7366.21 8083.38
5079.18 8092.68
1051.65 8093.61
696.003 8151.01
3116.87 8157.84
6911.68 8158.4
9057.79 8162.62
2747.2 8193.12
2261.49 8200.94
9873.31 8226.29
5384.07 8235.02
8421.8 8255.66
99.2256 8264.84
10303.5 8270.48
5957.25 8279.05
4775.58 8287.41
3604.15 8299.93
6625.92 8300.67
4077.25 8339.79
9583.04 8366.88
1355.2 8397.57
7299 8406.7
6295.39 8410.83
8147.22 8413.08
7737.85 8427.05
4383.86 8467.82
5583.43 8481.87
3084.75 8493.31
6950.61 8495.44
10720.6 8497.1
2610.99 8501.48
867.196 8511.92
10186.8 8591.67
5881.74 8604.03
6539.65 8606.14
9186.81 8612.52
4650.03 8627.36
8647.95 8631.3
1891.13 8639.8
2304.36 8671.35
5172.75 8683.12
361.013 8702.07
6195.81 8709.01
4176.95 8718.72
2873.94 8780.5
1015.89 8783.87
7253.48 8784.1
708.241 8807.82
9890.91 8808.63
3500.88 8823.99
8918.04 8839.47
5590.14 8839.52
8358.18 8859.82
6709.97 8875.47
3182.97 8885.16
2560.73 8886.57
4837.96 8900.96
3885.03 8915.2
10289.6 8916.08
9561.29 8950.61
1535.56 8954.89
1851.47 8965.47
4392.1 8993.43
7676.01 9000.46
6396.95 9009.92
5281.58 9070.07
6015.56 9089
1185.59 9114.02
2358.8 9121.31
10610.9 9149.19
9256.16 9150.47
27.4519 9154.22
9996.87 9157.69
7362.19 9161.29
3337.21 9166.85
8574.69 9176.31
3711.46 9191.27
2881.37 9203.11
8226.72 9211.62
4687.76 9212.58
5680.8 9213.41
430.843 9232.53
744.947 9232.79
6830.29 9238.16
0.000707226
564
3.38616 1210.88
6611.51 6.06657
2354.23 6.0829
934.813 7793.59
169.94 14.7321
9066.3 25.8323
3517.79 28.1824
532.869 49.808
7505.38 406.482
7698.18 55.1129
1470.72 57.2488
10074.6 67.7893
4395.55 69.2428
2839.14 103.608
2087.76 8278.58
6907.25 8169.57
8732.74 117.322
5747.91 124.433
7323.14 129.634
5593.02 4209.84
7755.81 5347.97
6312.4 1166.23
8994.99 8227.91
4153.58 305.531
5314.6 5218.75
6256.65 319.222
6410.29 734.127
1806.07 4284.45
7088.42 419.87
2955.91 436.443
1075.55 2527.39
2606.91 469.855
2161.35 509.008
9075.32 513.803
5992.07 514.413
8982.52 9174.61
684.696 518.994
5674.65 553.879
10673.8 4961.29
1259.75 596.959
5934.92 6389.36
3408.19 633.087
2875.91 2036.93
4868.53 677.549
7612.27 2316.44
8021.29 359.728
3109.93 760.819
10550.2 6546.82
2556.52 820.226
5122.49 216.8
7295.89 821.922
9740.86 833.373
463.751 854.604
1441.13 857.892
2360.79 8787.77
2783.21 5563.99
5113.33 925.366
6997.95 2341.36
3293.09 8458.25
1969.19 969.653
3482.86 999.87
4682.81 9038.25
4472.04 1031.29
716.663 1050.33
2777.99 1066.1
5321.38 6934.12
5886.48 1074.77
10695.6 1105.3
3219.97 4546.32
3112.4 1111.04
13.5382 3591.34
8174.32 7045.21
6648.74 530.221
7343.37 1159.72
9110.67 965.038
1039.84 1211.73
2260.56 1235.68
7421 8707.92
1122.41 218.284
7862.31 6926.67
453.366 1363.99
10461.6 1369.89
5115.1 1380.84
2913.56 1389.29
4787.89 978.149
8859.08 6201.14
4193.78 754.466
969.014 6674.19
10752.5 7180.29
9615.66 1460.41
8537.22 6395.87
1428.12 1477.43
10123.8 1481.59
9929.84 6344.67
3497.95 1499.53
18.0701 407.103
2504.16 1512.39
42.0931 1549.87
953.06 1559.57
6018.79 1569.98
5597.93 1582.51
3893.28 1619.66
7961.33 1622.05
3221.44 1648.87
10687.9 1651.28
5261.61 1658.75
4183.8 8387.53
2831.11 1688.61
8517.58 1739.81
1262.46 1740.93
6698.7 1534.89
6436.51 1752.3
4623.04 4676.82
9983.21 5627.17
8208.3 1821.64
1965.64 1841.33
9132.7 1844.97
9373.55 682.157
10572.9 3279.74
9602.9 1916.85
5765.22 1945.43
7924.89 1956.94
5453.57 1972.17
6821.89 265.145
8156.47 6239.26
1648.88 1985.61
10521.1 2691.59
7010.19 1574.76
8749.58 2011.98
2278.74 2044.43
10697 2075.65
10369 6166.31
1162.72 2181.5
9207.07 2160.58
3565.98 1912.17
4469.44 2165.53
329.181 365.582
10290.3 4810.22
8091.81 2233.64
5100.42 3759.17
4967.17 4542.89
4821.61 2290.1
4161.07 2302.33
10002.4 436.574
10102.7 2327.4
8400.77 2340.52
10611.4 2373.39
2.53283 2377.28
676.244 4346.29
7413.61 1596.69
5724.97 2464.42
9257.56 2502.48
9725.17 2525.13
10619.5 72.0233
8968.37 4610.17
6773.34 2021.54
145.343 892.951
218.904 2631.27
5076.45 3068.04
5448.86 2712.21
20.235 2871.34
8521.58 2753.52
563.824 2754.42
9929.98 2762.68
8831.19 2766.48
6384.27 2778.28
9389.97 2796.71
7424.06 2856.31
438.251 3446.45
9497.5 111.432
10758.3 2943.59
10193.4 2951.78
876.01 9146.89
7132.47 3032.14
1184.12 3044.99
380.5 2197.89
5396.49 3057.56
6041.67 4840.94
381.111 3122.91
9253.51 8453.42
9601.26 3171.9
8352.43 222.27
9230.02 3190.15
30.737 3196.65
10037.2 3222.1
4425.44 2483.95
8806.98 1456.39
2055.87 5104.79
4324.01 3240.51
5754.17 3262.58
2958.2 3298.81
3724.42 3325.97
6850.47 817.341
6385.86 3401.93
1900.58 3441.41
5760.06 7177.36
5299.47 3490.71
6012.25 3862.06
3205.39 3521.04
6042.6 3526.18
2328.57 3527.32
9418.29 3545.17
9739.84 3550.47
4577.4 3590.52
8246.02 6582.01
7613.82 1351.87
697.492 3647.29
2599.17 3127.8
1608.78 3734.95
10775.1 3756.57
6650.3 3763.86
1476.29 3455.19
2918.02 3774.84
5695.01 3807.69
3955.9 1936.52
8305.51 3840.81
6415.85 2203.39
9235.55 3858.39
2095.16 3907.15
9569.52 3911.55
8603.92 3946.71
423.865 3992
1813.62 1510.01
1077.45 5062.59
8126.09 2724.12
7145.53 1876.64
1110.52 3417.12
6732.15 1215.25
2439.55 4094.51
2822.72 4125.16
8701.18 2421.65
7673.28 783.83
1356.47 5254.68
958.678 4207.44
165.552 8583.92
10184 4153.58
4122.04 4156.46
3369.4 4170.18
6229.98 4180.63
1326.53 4202.86
5915.97 4206.06
6335.59 3808.04
8931.46 4241.01
6728.26 4248.66
7641.26 4264.98
5153.62 4268.68
7130 4284.35
7476.6 7699.41
22.1492 4326.35
9242.16 4348.77
9676.9 4348.95
2114.8 4350.52
333.963 4357.2
3735.43 4446.54
10361 4463.63
5387.9 4473.19
1460.77 4487.62
6604.37 4545.07
1020.5 4546.94
4141.64 4546.96
5598.41 8886.43
6288.7 4563.55
2566 4593.06
7149.37 4601.87
10164.9 7539.08
7814.04 4622.61
9300.3 1257.08
1746.78 4624.54
6121.99 2314.95
2055.75 4693.74
3737.82 676.736
9888.06 4724.75
9505.87 4727.12
106.099 4737.68
7550.45 4782.85
8496.7 4783.42
5648.3 4788.98
10615.7 488.214
7967.73 4262.4
8169.61 4821.82
482.112 4835.42
3741.14 4845.45
3300.57 3832.59
4511.02 640.618
6830.64 4895.29
10576.2 821.133
2575.98 4916.52
4961.55 4922.89
7370.95 2547.16
8444.71 1223.45
660.736 2394.17
8406.66 637.335
1706.6 5038.18
8029.19 1316.32
3723.57 4050.04
1026.85 891.312
10661.8 4073.34
8512.5 5171.92
463.093 5209.39
6238.94 5214.43
5633.97 5239.08
5860.81 2758.3
2175.79 7819.46
10254.6 5270.89
9370.63 5282.33
2492.61 5284.27
9224.01 4991.44
3031.88 5293.22
7912.4 9236.54
9760.4 5319.61
2543.23 3771.32
1756.29 5383.86
8770.16 5387.51
1007.7 5398.59
10343.7 3526.14
3566.31 5407.4
8357.52 3459.66
3359.72 9189.98
8154.59 5460.02
5133.27 5468.23
687.732 5506.18
6135.08 5509.84
4191.04 4973.8
4827.8 1608.67
5488.81 5580.94
9879.23 1754.9
6701.26 5595.21
8487.49 5606.16
9412.07 5607.59
4787.53 5638.51
8316.42 4505.12
7869.57 5647.18
1272.31 5691.6
10307.9 5706.49
3127.56 5711.91
5068.95 1980.53
3438.57 3201.37
1927.78 112.986
6356.96 4907.15
4196.5 5784.86
4654.25 3915.41
5232.86 5793.24
226.022 5797.6
594.033 5830.44
1723.76 5842.52
2820.4 5891.09
10774.4 5898.91
9556.41 5901.77
6902.53 5932.46
7091.63 5177.15
7917.51 5979.84
2226.87 5989.37
8533.93 5989.39
6516.89 5993.02
5917.43 5993.85
9857.28 5995.76
974.438 6009.03
8839.55 5018.88
4969.46 6062.69
1873.69 6125.75
5385.75 6139.71
3075.3 6139.98
4475.57 6166.2
4041.52 3644.11
5781.29 6755.5
6286.5 6249.34
9592.41 6265.71
7442.36 6287.9
7065.38 6302.81
10759.7 6303.78
2153.59 7225.38
4246.16 6377.16
7737.08 6385.04
63.1168 5515.33
2577.74 8489.16
316.543 1834.44
5618.04 6488.62
5343.7 654.48
6509.7 6498.25
1247.69 6517.47
8225.95 5818.09
6880.98 6589.96
4472.74 6594.88
4913.24 6597.66
7426.79 6598.88
7225.25 9117.42
4748.94 4316.7
8012.75 5130.92
10083.8 6677.18
10713.3 5283.34
9758.84 6720.76
8.88138 6764.11
2879.19 4559.77
1775.4 592.25
3601.25 340.789
8405.77 3080.78
6712.48 6245.03
4148.36 6937.84
9520.41 6942.56
6677.51 6943.61
8617.82 6973.09
791.047 6979.19
7309.73 2167.73
453.808 7915.64
9233.46 6781.8
8125.8 9.00204
9840.08 7052.6
751.7 1849.63
1317.94 7127.79
21.6218 7149.87
87.712 3906.44
2763.22 7192.32
10300.8 7253.23
4099.53 7254.86
8457.8 7256.75
8926.75 3801.13
3790.81 7285.05
5275.94 7306.64
2250.06 5594.43
6443.61 7313.26
8870.04 7331.41
1643.97 7349.65
3191.96 7364.56
6730.52 7532.74
7760.15 7395.56
2419.75 7414.22
7472.84 5717.86
9862.48 7444.04
5969.25 7447.75
5608.13 7449.6
9529.68 7457.53
1110.65 7457.89
10601.2 7524.13
8260.88 938.865
846.59 2943.57
8289.6 4189.56
310.856 7585.42
4725.65 7614.16
3756.68 7632.65
8852.08 5751.81
4988.32 7176.24
2682.07 7684.88
8229.79 7691.09
3263.06 7700.02
7165.96 7705.69
4282.64 7714.56
7584.37 1985.62
9711.34 7750.58
1364.66 7751.6
6071.52 7807.63
8524.16 7815.44
6487.58 7823.39
6823.84 7845.84
10254.8 7846.89
5213.3 7853.1
3905.72 5265.72
5596.57 7867.61
4164.43 1464.98
2965 7890.55
8879.34 7892.58
7860.25 7929.75
9440.92 7933.67
1870.32 7966.08
10695.2 7978.14
4032.41 1073.79
8950.17 6632.8
7451.77 8040.05
4199.85 8058.77
4530.83 5172.95
5013.82 8089.12
1051.65 8093.61
8165.8 8105.55
6507.79 8138.53
5341.72 8151.61
10223.2 8158.85
763.27 7294.51
8474.04 8189.55
2747.2 8193.12
2435.62 8200.11
3854.86 8207.33
4558.02 8211.02
339.909 8257.92
5957.25 8279.05
21.0948 8291.23
7999.27 775.99
10547.1 8332.06
37.4472 5206.68
746.327 3288.03
9583.04 8366.88
7299 8406.7
1627.76 8407.27
6295.39 8410.83
8147.22 8413.08
4915.83 8417.13
7737.85 8427.05
616.945 6718.51
734.362 8479.01
6950.61 8495.44
5556.6 8498.26
8889.23 8527.15
6634.98 8536.61
3845.23 8549.68
10150.1 8570.44
6647.61 5231.8
5881.74 8604.03
6233.97 6949.82
4650.03 8627.36
1891.13 8639.8
354.189 7196.38
5172.75 8683.12
10516.1 8683.61
5220.99 6419.55
6195.81 8709.01
1389.33 4829.56
1371.48 8627.21
8546.46 8751.74
7080.16 8804.45
708.241 8807.82
3500.88 8823.99
9883.97 8840.47
10729.8 4443.71
1658.56 1101.99
6517.01 8910.43
3885.03 8915.2
2802.48 8827.4
8090.63 8918.17
9561.29 8950.61
4330.69 8952.1
9222.29 8954.14
4886.63 3425.77
1851.47 8965.47
7676.01 9000.46
232.269 9002.63
6196.39 9025.3
5165.53 9039.17
2589 9100.81
1185.59 9114.02
10543.9 9127.24
8954.67 3395.62
2190.65 9141.43
7203.72 7107.26
9996.87 9157.69
6699.41 9159.86
4659.03 7113.02
4435.81 1633.36
532.929 9170.91
8574.69 9176.31
3711.46 9191.27
3022.22 9205.46
3198.79 4951.36
9088.74 7570.34
5829.68 9233.66
5142.32 2442.66
4666.23 2936.87
9275.84 7180.67
593.709 6402.93
4667.23 327.506
3614 5719.28
10071.9 935.984
5576.9 1108.6
8857 762.177
1087.6 3850.46
10298.5 2077.25
9693.9 403.324
